,Unnamed: 0.1,Unnamed: 0_left,SEASON_YEAR,PLAYER_ID_left,PLAYER_NAME_left,NICKNAME_left,TEAM_ID_left,TEAM_ABBREVIATION_left,TEAM_NAME,GAME_ID,GAME_DATE,MATCHUP,WL,MIN_left,FGM,FGA,FG_PCT,FG3M,FG3A,FG3_PCT,FTM,FTA,FT_PCT,OREB,DREB,REB,AST,TOV,STL,BLK,BLKA,PF,PFD,PTS,PLUS_MINUS,NBA_FANTASY_PTS,DD2,TD3,WNBA_FANTASY_PTS,GP_RANK,W_RANK,L_RANK,W_PCT_RANK,MIN_RANK,FGM_RANK,FGA_RANK,FG_PCT_RANK,FG3M_RANK,FG3A_RANK,FG3_PCT_RANK,FTM_RANK,FTA_RANK,FT_PCT_RANK,OREB_RANK,DREB_RANK,REB_RANK,AST_RANK,TOV_RANK,STL_RANK,BLK_RANK,BLKA_RANK,PF_RANK,PFD_RANK,PTS_RANK,PLUS_MINUS_RANK,NBA_FANTASY_PTS_RANK,DD2_RANK,TD3_RANK,WNBA_FANTASY_PTS_RANK,AVAILABLE_FLAG,MIN_SEC,NET_RANKING,TEAM_ID,TEAM_ABBREVIATION,TEAM_CITY,PLAYER_ID,PLAYER_NAME,NICKNAME,START_POSITION,COMMENT,MIN,E_OFF_RATING,OFF_RATING,E_DEF_RATING,DEF_RATING,E_NET_RATING,NET_RATING,AST_PCT,AST_TOV,AST_RATIO,OREB_PCT,DREB_PCT,REB_PCT,TM_TOV_PCT,EFG_PCT,TS_PCT,USG_PCT,E_USG_PCT,E_PACE,PACE,PACE_PER40,POSS,PIE,Unnamed: 0
0,561,561,2017-18,201584,Courtney Lee,Courtney,1610612752,NYK,New York Knicks,21701207,2018-04-09T00:00:00,NYK vs. CLE,L,26.75,7,12,0.583,3,6,0.5,0,0,0.0,1,5,6,1,1,0,1,0,2,1,17,-20,27.7,0,0,29.0,1,13054,13054,13054,10158,3042,5302,6158,1558,2684,3791,13731,14642,13731,5905,4562,5255,12861,9095,12224,2512,1,11691,12172,4436,25220,7164,2016,109,5644,1.0,26:45,,1610612752,NYK,New York,201584,Courtney Lee,Courtney,,,26.000000:45,98.2,100.0,130.3,132.7,-32.0,-32.7,0.071,1.0,7.1,0.033,0.185,0.105,7.1,0.708,0.708,0.22,0.22,98.69,96.9,80.75,53,0.136,20.0
1,816,816,2017-18,201584,Courtney Lee,Courtney,1610612752,NYK,New York Knicks,21701192,2018-04-07T00:00:00,NYK vs. MIL,L,27.483333333333334,6,11,0.545,2,3,0.667,0,0,0.0,0,4,4,0,0,0,0,1,1,0,14,-19,18.8,0,0,20.0,1,13054,13054,13054,9494,4530,6432,7518,3481,8645,2049,13731,14642,13731,12711,6671,9561,18867,16820,12224,8133,17404,5153,18674,6634,25017,12946,2016,109,11144,1.0,27:29,,1610612752,NYK,New York,201584,Courtney Lee,Courtney,F,,27.000000:29,92.1,96.4,132.6,130.9,-40.5,-34.5,0.0,0.0,0.0,0.0,0.148,0.063,0.0,0.636,0.636,0.159,0.161,97.63,96.06,80.05,55,0.093,14.0
2,946,946,2017-18,201584,Courtney Lee,Courtney,1610612752,NYK,New York Knicks,21701186,2018-04-06T00:00:00,NYK vs. MIA,W,29.466666666666665,4,8,0.5,2,4,0.5,0,0,0.0,1,2,3,4,0,1,0,0,2,0,10,12,22.6,0,0,21.0,1,1,1,1,7712,9019,10961,8363,3481,6151,3791,13731,14642,13731,5905,13412,12541,3868,16820,4599,8133,1,11691,18674,10645,3240,10263,2016,109,10404,1.0,29:28,,1610612752,NYK,New York,201584,Courtney Lee,Courtney,,,29.000000:28,114.5,113.3,94.0,94.9,20.5,18.4,0.19,0.0,33.3,0.033,0.057,0.046,0.0,0.625,0.625,0.125,0.13,96.92,96.92,80.77,60,0.094,20.0
3,1589,1589,2017-18,201584,Courtney Lee,Courtney,1610612752,NYK,New York Knicks,21701159,2018-04-03T00:00:00,NYK vs. ORL,L,23.7,6,10,0.6,1,1,1.0,0,0,0.0,0,0,0,0,0,1,1,0,1,0,13,-12,19.0,0,0,18.0,1,13054,13054,13054,12915,4530,7776,5255,6911,15030,1,13731,14642,13731,12711,22415,23339,18867,16820,4599,2512,1,5153,18674,7521,22571,12780,2016,109,12644,1.0,23:42,,1610612752,NYK,New York,201584,Courtney Lee,Courtney,,,23.000000:42,84.2,85.1,108.2,110.6,-24.0,-25.5,0.0,0.0,0.0,0.0,0.0,0.0,0.0,0.65,0.65,0.189,0.198,96.81,95.19,79.32,47,0.11,20.0
4,2685,2685,2017-18,201584,Courtney Lee,Courtney,1610612752,NYK,New York Knicks,21701103,2018-03-26T00:00:00,NYK @ CHA,L,31.966666666666665,1,5,0.2,0,2,0.0,0,0,0.0,1,0,1,0,0,0,0,0,0,0,2,-9,3.2,0,0,3.0,1,13054,13054,13054,5577,19115,16430,21382,12784,11647,12784,13731,14642,13731,5905,22415,19703,18867,16820,12224,8133,1,1,18674,21168,20674,23609,2016,109,23594,1.0,31:58,,1610612752,NYK,New York,201584,Courtney Lee,Courtney,,,31.000000:58,118.6,123.8,133.0,135.9,-14.4,-12.1,0.0,0.0,0.0,0.036,0.0,0.019,0.0,0.2,0.2,0.071,0.071,98.47,95.35,79.46,63,-0.009,7.0
5,2759,2759,2017-18,201584,Courtney Lee,Courtney,1610612752,NYK,New York Knicks,21701098,2018-03-25T00:00:00,NYK @ WAS,W,27.033333333333335,5,7,0.714,0,2,0.0,3,3,1.0,0,3,3,3,2,2,1,0,0,1,13,7,28.1,0,0,25.0,1,1,1,1,9884,6480,12683,2604,12784,11647,12784,4044,6031,1,12711,9682,12541,5723,4386,1511,2512,1,1,12172,7521,5918,6958,2016,109,7801,1.0,27:02,,1610612752,NYK,New York,201584,Courtney Lee,Courtney,,,27.000000:02,121.3,122.8,110.2,110.5,11.1,12.3,0.136,1.5,23.1,0.0,0.1,0.058,15.4,0.714,0.781,0.159,0.159,101.99,101.21,84.34,57,0.139,6.0
6,3128,3128,2017-18,201584,Courtney Lee,Courtney,1610612752,NYK,New York Knicks,21701081,2018-03-23T00:00:00,NYK vs. MIN,L,14.066666666666666,1,5,0.2,1,2,0.5,0,0,0.0,0,1,1,0,0,0,0,0,1,0,3,-25,4.2,0,0,5.0,1,13054,13054,13054,20578,19115,16430,21382,6911,11647,3791,13731,14642,13731,12711,17844,19703,18867,16820,12224,8133,1,5153,18674,20013,25810,23143,2016,109,22345,1.0,14:04,,1610612752,NYK,New York,201584,Courtney Lee,Courtney,G,,14.000000:04,65.6,69.2,156.9,159.3,-91.3,-90.0,0.0,0.0,0.0,0.0,0.1,0.038,0.0,0.3,0.3,0.167,0.17,93.57,90.43,75.36,26,-0.017,15.0
7,3442,3442,2017-18,201584,Courtney Lee,Courtney,1610612752,NYK,New York Knicks,21701068,2018-03-21T00:00:00,NYK @ MIA,L,19.666666666666668,2,7,0.286,1,3,0.333,0,0,0.0,0,1,1,3,1,0,0,0,2,0,5,3,9.7,0,0,10.0,1,13054,13054,13054,16412,15444,12683,19431,6911,8645,8071,13731,14642,13731,12711,17844,19703,5723,9095,12224,8133,1,11691,18674,17225,9131,19642,2016,109,18828,1.0,19:40,,1610612752,NYK,New York,201584,Courtney Lee,Courtney,G,,19.000000:40,105.8,116.2,111.5,108.1,-5.7,8.1,0.2,3.0,27.3,0.0,0.067,0.024,9.1,0.357,0.357,0.154,0.158,93.38,90.31,75.25,37,0.012,3.0
8,3723,3723,2017-18,201584,Courtney Lee,Courtney,1610612752,NYK,New York Knicks,21701055,2018-03-19T00:00:00,NYK vs. CHI,W,21.066666666666663,2,7,0.286,0,3,0.0,0,0,0.0,0,1,1,2,0,0,1,0,2,0,4,18,11.2,0,0,9.0,1,1,1,1,15162,15444,12683,19431,12784,8645,12784,13731,14642,13731,12711,17844,19703,8497,16820,12224,2512,1,11691,18674,18469,1389,18600,2016,109,19576,1.0,21:04,,1610612752,NYK,New York,201584,Courtney Lee,Courtney,G,,21.000000:04,103.9,106.7,65.1,65.2,38.8,41.4,0.118,0.0,22.2,0.0,0.042,0.022,0.0,0.286,0.286,0.143,0.139,105.13,103.67,86.39,45,0.007,15.0
9,4330,4330,2017-18,201584,Courtney Lee,Courtney,1610612752,NYK,New York Knicks,21701022,2018-03-15T00:00:00,NYK vs. PHI,L,37.36333333333334,6,10,0.6,1,3,0.333,3,4,0.75,0,1,1,0,0,1,1,0,1,3,16,-11,23.2,0,0,22.0,1,13054,13054,13054,1522,4530,7776,5255,6911,8645,8071,4044,3694,8067,12711,17844,19703,18867,16820,4599,2512,1,5153,4452,5058,22023,9855,2016,109,9733,1.0,37:22,,1610612752,NYK,New York,201584,Courtney Lee,Courtney,G,,37.000000:22,109.4,109.0,124.9,123.1,-15.5,-14.1,0.0,0.0,0.0,0.0,0.023,0.013,0.0,0.65,0.68,0.141,0.143,99.31,100.21,83.5,78,0.077,16.0
10,4706,4706,2017-18,201584,Courtney Lee,Courtney,1610612752,NYK,New York Knicks,21701009,2018-03-13T00:00:00,NYK vs. DAL,L,15.116666666666667,0,1,0.0,0,1,0.0,0,0,0.0,0,0,0,1,2,1,0,0,0,0,0,-3,2.5,0,0,3.0,1,13054,13054,13054,19896,22697,23497,22697,12784,15030,12784,13731,14642,13731,12711,22415,23339,12861,4386,4599,8133,1,1,18674,23334,15423,24128,2016,109,23594,1.0,15:07,,1610612752,NYK,New York,201584,Courtney Lee,Courtney,G,,15.000000:07,81.0,80.6,93.7,90.3,-12.7,-9.7,0.091,0.5,25.0,0.0,0.0,0.0,50.0,0.0,0.0,0.083,0.086,96.47,98.43,82.03,31,-0.025,16.0
11,4903,4903,2017-18,201584,Courtney Lee,Courtney,1610612752,NYK,New York Knicks,21700992,2018-03-11T00:00:00,NYK vs. TOR,L,19.905,2,2,1.0,1,1,1.0,0,0,0.0,0,1,1,0,0,2,0,0,0,1,5,-16,12.2,0,0,11.0,1,13054,13054,13054,16210,15444,21901,1,6911,15030,1,13731,14642,13731,12711,17844,19703,18867,16820,1511,8133,1,1,12172,17225,24240,17874,2016,109,18043,1.0,19:54,,1610612752,NYK,New York,201584,Courtney Lee,Courtney,,,19.000000:54,115.3,109.3,145.2,150.0,-29.9,-40.7,0.0,0.0,0.0,0.0,0.056,0.029,0.0,1.25,1.25,0.043,0.047,101.47,102.49,85.41,43,0.07,19.0
12,6013,6013,2017-18,201584,Courtney Lee,Courtney,1610612752,NYK,New York Knicks,21700949,2018-03-04T00:00:00,NYK @ SAC,L,24.783333333333335,4,6,0.667,2,3,0.667,0,1,0.0,0,4,4,0,1,1,0,1,2,1,10,-4,16.8,0,0,18.0,1,13054,13054,13054,11916,9019,14536,3072,3481,8645,2049,13731,13052,13731,12711,6671,9561,18867,9095,4599,8133,17404,11691,12172,10645,16409,14450,2016,109,12644,1.0,24:47,,1610612752,NYK,New York,201584,Courtney Lee,Courtney,G,,24.000000:47,105.7,102.0,108.5,112.5,-2.9,-10.5,0.0,0.0,0.0,0.0,0.154,0.08,14.3,0.833,0.776,0.121,0.124,94.01,93.93,78.28,49,0.096,4.0
13,6333,6333,2017-18,201584,Courtney Lee,Courtney,1610612752,NYK,New York Knicks,21700935,2018-03-02T00:00:00,NYK @ LAC,L,26.366666666666667,5,8,0.625,3,4,0.75,2,3,0.667,0,0,0,1,2,0,0,0,0,1,15,-23,14.5,0,0,19.0,1,13054,13054,13054,10501,6480,10961,4713,1558,6151,1662,5999,6031,9308,12711,22415,23339,12861,4386,12224,8133,1,1,12172,5773,25636,16169,2016,109,11894,1.0,26:22,,1610612752,NYK,New York,201584,Courtney Lee,Courtney,G,,26.000000:22,95.7,96.4,139.4,135.7,-43.7,-39.4,0.063,0.5,8.3,0.0,0.0,0.0,16.7,0.813,0.805,0.18,0.182,100.05,101.04,84.2,55,0.078,4.0
14,7000,7000,2017-18,201584,Courtney Lee,Courtney,1610612752,NYK,New York Knicks,21700900,2018-02-26T00:00:00,NYK vs. GSW,L,11.466666666666669,0,2,0.0,0,1,0.0,0,0,0.0,0,0,0,1,0,0,0,1,0,0,0,-14,1.5,0,0,1.0,1,13054,13054,13054,22069,22697,21901,22697,12784,15030,12784,13731,14642,13731,12711,22415,23339,12861,16820,12224,8133,17404,1,18674,23334,23492,24559,2016,109,24696,1.0,11:28,,1610612752,NYK,New York,201584,Courtney Lee,Courtney,G,,11.000000:28,92.4,88.5,140.6,142.3,-48.1,-53.8,0.111,0.0,33.3,0.0,0.0,0.0,0.0,0.0,0.0,0.074,0.077,107.16,108.84,90.7,26,-0.015,16.0
15,7238,7238,2017-18,201584,Courtney Lee,Courtney,1610612752,NYK,New York Knicks,21700886,2018-02-24T00:00:00,NYK vs. BOS,L,16.4,1,4,0.25,0,3,0.0,0,0,0.0,0,1,1,1,0,1,0,0,0,0,2,-9,7.7,0,0,6.0,1,13054,13054,13054,18986,19115,18324,20170,12784,8645,12784,13731,14642,13731,12711,17844,19703,12861,16820,4599,8133,1,1,18674,21168,20674,20945,2016,109,21716,1.0,16:24,,1610612752,NYK,New York,201584,Courtney Lee,Courtney,G,,16.000000:24,81.4,81.6,107.5,108.1,-26.1,-26.5,0.091,0.0,20.0,0.0,0.045,0.022,0.0,0.25,0.25,0.095,0.095,110.17,109.76,91.46,38,0.03,15.0
16,7614,7614,2017-18,201584,Courtney Lee,Courtney,1610612752,NYK,New York Knicks,21700868,2018-02-22T00:00:00,NYK @ ORL,W,14.033333333333331,4,8,0.5,2,4,0.5,0,0,0.0,0,1,1,2,0,1,0,0,1,2,10,0,17.2,0,0,17.0,1,1,1,1,20594,9019,10961,8363,3481,6151,3791,13731,14642,13731,12711,17844,19703,8497,16820,4599,8133,1,5153,7539,10645,12059,14138,2016,109,13422,1.0,14:02,,1610612752,NYK,New York,201584,Courtney Lee,Courtney,G,,14.000000:02,112.9,112.5,114.2,112.5,-1.3,0.0,0.167,0.0,20.0,0.0,0.111,0.037,0.0,0.625,0.625,0.211,0.217,108.43,109.45,91.21,32,0.117,3.0
17,7922,7922,2017-18,201584,Courtney Lee,Courtney,1610612752,NYK,New York Knicks,21700857,2018-02-14T00:00:00,NYK vs. WAS,L,33.733333333333334,4,12,0.333,0,5,0.0,0,0,0.0,0,3,3,3,0,0,0,0,4,1,8,1,16.1,0,0,14.0,1,13054,13054,13054,4105,9019,5302,17065,12784,4175,12784,13731,14642,13731,12711,9682,12541,5723,16820,12224,8133,1,22329,12172,13058,11054,14968,2016,109,15738,1.0,33:44,,1610612752,NYK,New York,201584,Courtney Lee,Courtney,G,,33.000000:44,120.1,124.6,118.1,119.7,2.0,4.9,0.103,0.0,20.0,0.0,0.103,0.043,0.0,0.333,0.333,0.145,0.145,102.14,99.6,83.0,69,0.012,14.0
18,8156,8156,2017-18,201584,Courtney Lee,Courtney,1610612752,NYK,New York Knicks,21700842,2018-02-12T00:00:00,NYK @ PHI,L,30.033333333333335,4,8,0.5,3,4,0.75,7,7,1.0,0,2,2,1,2,1,0,0,1,3,18,-11,22.9,0,0,26.0,1,13054,13054,13054,7204,9019,10961,8363,1558,6151,1662,658,1293,1,12711,13412,16012,12861,4386,4599,8133,1,5153,4452,3848,22023,10066,2016,109,7224,1.0,30:02,,1610612752,NYK,New York,201584,Courtney Lee,Courtney,,,30.000000:02,92.1,95.3,111.1,112.5,-19.0,-17.2,0.067,0.5,7.1,0.0,0.08,0.037,14.3,0.688,0.812,0.178,0.188,104.72,102.29,85.24,64,0.147,7.0
19,8291,8291,2017-18,201584,Courtney Lee,Courtney,1610612752,NYK,New York Knicks,21700836,2018-02-11T00:00:00,NYK @ IND,L,20.783333333333335,4,9,0.444,2,5,0.4,4,4,1.0,0,0,0,4,2,1,0,0,3,1,14,-12,21.0,0,0,22.0,1,13054,13054,13054,15410,9019,9295,12726,3481,4175,7111,2516,3694,1,12711,22415,23339,3868,4386,4599,8133,1,17900,12172,6634,22571,11350,2016,109,9733,1.0,20:47,,1610612752,NYK,New York,201584,Courtney Lee,Courtney,G,,20.000000:47,107.9,108.5,136.1,134.0,-28.3,-25.5,0.286,2.0,25.0,0.0,0.0,0.0,12.5,0.556,0.651,0.214,0.221,108.04,108.55,90.46,47,0.081,3.0
20,8873,8873,2017-18,201584,Courtney Lee,Courtney,1610612752,NYK,New York Knicks,21700812,2018-02-08T00:00:00,NYK @ TOR,L,28.233333333333334,1,6,0.167,0,4,0.0,2,2,1.0,1,3,4,2,2,0,0,0,0,0,4,-15,9.8,0,0,10.0,1,13054,13054,13054,8807,19115,14536,21968,12784,6151,12784,5999,7582,1,5905,9682,9561,8497,4386,12224,8133,1,1,18674,18469,23882,19592,2016,109,18828,1.0,28:14,,1610612752,NYK,New York,201584,Courtney Lee,Courtney,G,,28.000000:14,83.6,84.7,107.4,112.1,-23.8,-27.3,0.118,1.0,20.0,0.033,0.091,0.063,20.0,0.167,0.291,0.129,0.129,102.31,99.46,82.88,59,0.023,3.0
21,9060,9060,2017-18,201584,Courtney Lee,Courtney,1610612752,NYK,New York Knicks,21700801,2018-02-06T00:00:00,NYK vs. MIL,L,35.56666666666667,6,16,0.375,2,6,0.333,0,0,0.0,0,4,4,2,2,0,0,2,3,0,14,-20,19.8,0,0,22.0,1,13054,13054,13054,2679,4530,2186,15991,3481,2684,8071,13731,14642,13731,12711,6671,9561,8497,4386,12224,8133,23707,17900,18674,6634,25220,12171,2016,109,9733,1.0,35:34,,1610612752,NYK,New York,201584,Courtney Lee,Courtney,G,,35.000000:34,75.7,81.1,110.7,108.1,-35.1,-27.0,0.105,1.0,10.0,0.0,0.118,0.052,10.0,0.438,0.438,0.202,0.204,102.24,99.87,83.22,74,0.043,16.0
22,9394,9394,2017-18,201584,Courtney Lee,Courtney,1610612752,NYK,New York Knicks,21700786,2018-02-04T00:00:00,NYK vs. ATL,L,27.091666666666665,3,10,0.3,0,4,0.0,1,1,1.0,0,5,5,1,1,0,1,0,0,0,7,-1,16.5,0,0,15.0,1,13054,13054,13054,9840,12053,7776,19162,12784,6151,12784,10216,13052,1,12711,4562,7090,12861,9095,12224,2512,1,1,18674,14463,13246,14662,2016,109,14956,1.0,27:06,,1610612752,NYK,New York,201584,Courtney Lee,Courtney,G,,27.000000:06,93.4,96.4,95.5,98.2,-2.2,-1.8,0.05,1.0,8.3,0.0,0.152,0.079,8.3,0.3,0.335,0.167,0.17,100.35,97.45,81.21,55,0.06,16.0
23,9660,9660,2017-18,201584,Courtney Lee,Courtney,1610612752,NYK,New York Knicks,21700771,2018-02-02T00:00:00,NYK @ MIL,L,38.48166666666667,6,13,0.462,1,3,0.333,0,0,0.0,1,5,6,2,0,0,0,1,2,1,13,5,23.2,0,0,22.0,1,13054,13054,13054,996,4530,4341,12089,6911,8645,8071,13731,14642,13731,5905,4562,5255,8497,16820,12224,8133,17404,11691,12172,7521,7404,9855,2016,109,9733,1.0,38:29,,1610612752,NYK,New York,201584,Courtney Lee,Courtney,G,,38.000000:29,96.8,98.7,94.1,93.3,2.7,5.4,0.087,0.0,13.3,0.021,0.139,0.072,0.0,0.5,0.5,0.14,0.141,94.7,94.17,78.48,76,0.099,3.0
24,9951,9951,2017-18,201584,Courtney Lee,Courtney,1610612752,NYK,New York Knicks,21700758,2018-01-31T00:00:00,NYK @ BOS,L,29.31833333333333,2,8,0.25,0,1,0.0,3,3,1.0,0,1,1,3,0,2,0,0,2,2,7,-15,18.7,0,0,15.0,1,13054,13054,13054,7859,15444,10961,20170,12784,15030,12784,4044,6031,1,12711,17844,19703,5723,16820,1511,8133,1,11691,7539,14463,23882,13020,2016,109,14956,1.0,29:19,,1610612752,NYK,New York,201584,Courtney Lee,Courtney,G,,29.000000:19,83.0,88.5,113.6,111.3,-30.6,-22.8,0.167,0.0,25.0,0.0,0.036,0.016,0.0,0.25,0.376,0.127,0.127,102.95,100.69,83.91,61,0.051,3.0
25,10168,10168,2017-18,201584,Courtney Lee,Courtney,1610612752,NYK,New York Knicks,21700745,2018-01-30T00:00:00,NYK vs. BKN,W,31.266666666666666,3,10,0.3,2,4,0.5,4,5,0.8,0,1,1,2,0,0,0,1,1,2,12,15,16.2,0,0,17.0,1,1,1,1,6171,12053,7776,19162,3481,6151,3791,2516,2744,7608,12711,17844,19703,8497,16820,12224,8133,17404,5153,7539,8469,2172,14876,2016,109,13422,1.0,31:16,,1610612752,NYK,New York,201584,Courtney Lee,Courtney,G,,31.000000:16,116.9,118.8,95.6,96.8,21.3,21.9,0.087,0.0,14.3,0.0,0.028,0.015,0.0,0.4,0.492,0.164,0.169,98.93,97.48,81.24,64,0.05,16.0
26,10773,10773,2017-18,201584,Courtney Lee,Courtney,1610612752,NYK,New York Knicks,21700723,2018-01-26T00:00:00,NYK @ PHX,W,26.516666666666666,4,11,0.364,2,6,0.333,1,2,0.5,0,4,4,5,3,1,1,1,3,1,11,27,26.3,0,0,26.0,1,1,1,1,10363,9019,6432,16546,3481,2684,8071,10216,7582,10590,12711,6671,9561,2623,1936,4599,2512,17404,17900,12172,9561,255,7938,2016,109,7224,1.0,26:31,,1610612752,NYK,New York,201584,Courtney Lee,Courtney,G,,26.000000:31,117.4,123.6,70.8,74.5,46.6,49.1,0.25,1.67,26.3,0.0,0.108,0.069,15.8,0.455,0.463,0.233,0.23,104.81,99.56,82.97,55,0.098,3.0
27,10965,10965,2017-18,201584,Courtney Lee,Courtney,1610612752,NYK,New York Knicks,21700712,2018-01-25T00:00:00,NYK @ DEN,L,34.03333333333333,3,6,0.5,1,2,0.5,0,0,0.0,0,5,5,7,2,4,1,0,0,1,7,-10,36.5,0,0,30.0,1,13054,13054,13054,3869,12053,14536,8363,6911,11647,3791,13731,14642,13731,12711,4562,7090,1126,4386,125,2512,1,1,12172,14463,21382,3377,2016,109,5181,1.0,34:02,,1610612752,NYK,New York,201584,Courtney Lee,Courtney,F,,34.000000:02,105.2,105.5,119.1,120.8,-13.9,-15.4,0.259,3.5,46.7,0.0,0.179,0.089,13.3,0.583,0.583,0.107,0.109,103.1,102.25,85.21,73,0.111,0.0
28,11304,11304,2017-18,201584,Courtney Lee,Courtney,1610612752,NYK,New York Knicks,21700699,2018-01-23T00:00:00,NYK @ GSW,L,38.4,8,13,0.615,2,6,0.333,2,4,0.5,1,4,5,2,1,1,0,2,2,3,20,-10,31.0,0,0,31.0,1,13054,13054,13054,1020,1983,4341,5082,3481,2684,8071,5999,3694,10590,5905,6671,7090,8497,9095,4599,8133,23707,11691,4452,2855,21382,5483,2016,109,4763,1.0,38:24,,1610612752,NYK,New York,201584,Courtney Lee,Courtney,G,,38.000000:24,115.6,114.8,127.5,128.8,-11.9,-13.9,0.074,2.0,11.8,0.029,0.138,0.078,5.9,0.692,0.678,0.169,0.173,100.8,100.63,83.85,81,0.088,3.0
29,11555,11555,2017-18,201584,Courtney Lee,Courtney,1610612752,NYK,New York Knicks,21700684,2018-01-21T00:00:00,NYK @ LAL,L,33.833333333333336,7,12,0.583,2,4,0.5,0,0,0.0,0,1,1,2,1,0,0,0,2,1,16,-7,19.2,0,0,21.0,1,13054,13054,13054,4020,3042,5302,6158,3481,6151,3791,13731,14642,13731,12711,17844,19703,8497,9095,12224,8133,1,11691,12172,5058,19142,12616,2016,109,10404,2.0,33:50,,1610612752,NYK,New York,201584,Courtney Lee,Courtney,G,,33.000000:50,106.9,108.8,124.1,122.7,-17.1,-13.9,0.087,2.0,13.3,0.0,0.03,0.015,6.7,0.667,0.667,0.169,0.173,95.39,95.05,79.21,68,0.072,4.0
30,11883,11883,2017-18,201584,Courtney Lee,Courtney,1610612752,NYK,New York Knicks,21700672,2018-01-19T00:00:00,NYK @ UTA,W,35.736666666666665,6,13,0.462,2,3,0.667,4,4,1.0,0,5,5,1,0,2,0,1,2,2,18,10,31.5,0,0,30.0,1,1,1,1,2553,4530,4341,12089,3481,8645,2049,2516,3694,1,12711,4562,7090,12861,16820,1511,8133,17404,11691,7539,3848,4191,5270,2016,109,5181,1.0,35:44,,1610612752,NYK,New York,201584,Courtney Lee,Courtney,G,,35.000000:44,115.7,116.3,103.0,103.8,12.7,12.5,0.034,0.0,6.3,0.0,0.122,0.066,0.0,0.538,0.61,0.179,0.182,108.07,107.45,89.54,80,0.125,4.0
31,12083,12083,2017-18,201584,Courtney Lee,Courtney,1610612752,NYK,New York Knicks,21700658,2018-01-17T00:00:00,NYK @ MEM,L,34.766666666666666,6,11,0.545,2,4,0.5,4,4,1.0,1,2,3,0,1,1,0,0,3,2,18,-10,23.6,0,0,25.0,1,13054,13054,13054,3278,4530,6432,7518,3481,6151,3791,2516,3694,1,5905,13412,12541,18867,9095,4599,8133,1,17900,7539,3848,21382,9584,2016,109,7801,1.0,34:46,,1610612752,NYK,New York,201584,Courtney Lee,Courtney,G,,34.000000:46,102.2,100.0,111.3,115.2,-9.1,-15.2,0.0,0.0,0.0,0.029,0.048,0.039,7.1,0.636,0.705,0.184,0.188,91.73,91.12,75.93,66,0.096,3.0
32,12369,12369,2017-18,201584,Courtney Lee,Courtney,1610612752,NYK,New York Knicks,21700642,2018-01-15T00:00:00,NYK @ BKN,W,25.433333333333337,4,11,0.364,1,2,0.5,1,1,1.0,1,0,1,2,0,0,1,1,1,0,10,0,17.2,0,0,16.0,1,1,1,1,11358,9019,6432,16546,6911,11647,3791,10216,13052,1,5905,22415,19703,8497,16820,12224,2512,17404,5153,18674,10645,12059,14138,2016,109,14193,1.0,25:26,,1610612752,NYK,New York,201584,Courtney Lee,Courtney,G,,25.000000:26,107.6,105.5,106.5,107.4,1.0,-2.0,0.118,0.0,15.4,0.036,0.0,0.016,0.0,0.409,0.437,0.183,0.19,102.25,102.86,85.71,55,0.054,3.0
33,12595,12595,2017-18,201584,Courtney Lee,Courtney,1610612752,NYK,New York Knicks,21700635,2018-01-14T00:00:00,NYK vs. NOP,L,35.166666666666664,3,10,0.3,1,5,0.2,0,0,0.0,1,1,2,4,2,0,1,1,1,0,7,-16,16.4,0,0,16.0,1,13054,13054,13054,2991,12053,7776,19162,6911,4175,11622,13731,14642,13731,5905,17844,16012,3868,4386,12224,2512,17404,5153,18674,14463,24240,14715,2016,109,14193,1.0,35:10,,1610612752,NYK,New York,201584,Courtney Lee,Courtney,G,,35.000000:10,91.5,93.2,115.1,114.9,-23.5,-21.6,0.16,2.0,25.0,0.026,0.029,0.028,12.5,0.35,0.35,0.141,0.144,101.88,101.0,84.17,74,0.023,16.0
34,12839,12839,2017-18,201584,Courtney Lee,Courtney,1610612752,NYK,New York Knicks,21700623,2018-01-12T00:00:00,NYK @ MIN,L,32.43333333333333,6,10,0.6,2,5,0.4,0,0,0.0,1,1,2,4,1,0,0,0,2,1,14,-17,21.4,0,0,22.0,1,13054,13054,13054,5196,4530,7776,5255,3481,4175,7111,13731,14642,13731,5905,17844,16012,3868,9095,12224,8133,1,11691,12172,6634,24534,11086,2016,109,9733,1.0,32:26,,1610612752,NYK,New York,201584,Courtney Lee,Courtney,G,,32.000000:26,108.8,104.6,126.1,128.8,-17.3,-24.2,0.182,4.0,26.7,0.033,0.032,0.033,6.7,0.7,0.7,0.151,0.158,96.14,96.94,80.78,65,0.083,4.0
35,13089,13089,2017-18,201584,Courtney Lee,Courtney,1610612752,NYK,New York Knicks,21700607,2018-01-10T00:00:00,NYK vs. CHI,L,44.96666666666667,6,11,0.545,4,5,0.8,0,0,0.0,1,2,3,3,1,2,1,0,2,0,16,-7,32.1,0,0,32.0,1,13054,13054,13054,48,4530,6432,7518,672,4175,1547,13731,14642,13731,5905,13412,12541,5723,9095,1511,2512,1,11691,18674,5058,19142,5000,2016,109,4339,1.0,44:58,,1610612752,NYK,New York,201584,Courtney Lee,Courtney,G,,44.000000:58,101.8,97.8,109.2,106.5,-7.4,-8.7,0.091,3.0,20.0,0.023,0.049,0.035,6.7,0.727,0.727,0.12,0.124,95.6,98.74,82.28,93,0.087,15.0
36,13607,13607,2017-18,201584,Courtney Lee,Courtney,1610612752,NYK,New York Knicks,21700587,2018-01-07T00:00:00,NYK @ DAL,W,34.666666666666664,3,10,0.3,1,4,0.25,4,4,1.0,0,5,5,2,1,0,0,0,0,2,11,-2,19.0,0,0,19.0,1,1,1,1,3352,12053,7776,19162,6911,6151,10398,2516,3694,1,12711,4562,7090,8497,9095,12224,8133,1,1,7539,9561,14288,12780,2016,109,11894,1.0,34:40,,1610612752,NYK,New York,201584,Courtney Lee,Courtney,G,,34.000000:40,103.9,104.2,105.8,108.5,-1.8,-4.3,0.08,2.0,13.3,0.0,0.122,0.067,6.7,0.35,0.468,0.157,0.162,100.36,99.0,82.5,72,0.072,3.0
37,13936,13936,2017-18,201584,Courtney Lee,Courtney,1610612752,NYK,New York Knicks,21700568,2018-01-05T00:00:00,NYK @ MIA,L,40.28666666666667,9,16,0.563,1,3,0.333,5,5,1.0,1,2,3,1,4,2,0,1,4,3,24,-8,31.1,0,0,33.0,1,13054,13054,13054,449,1220,2186,6962,6911,8645,8071,1627,2744,1,5905,13412,12541,12861,844,1511,8133,17404,22329,4452,1508,19948,5437,2016,109,3964,1.0,40:17,,1610612752,NYK,New York,201584,Courtney Lee,Courtney,G,,40.000000:17,100.7,101.3,110.2,111.5,-9.6,-10.3,0.048,0.25,4.3,0.033,0.047,0.041,17.4,0.594,0.659,0.259,0.264,93.77,92.93,77.44,78,0.108,3.0
38,14283,14283,2017-18,201584,Courtney Lee,Courtney,1610612752,NYK,New York Knicks,21700556,2018-01-03T00:00:00,NYK @ WAS,L,27.766666666666666,3,6,0.5,2,2,1.0,0,0,0.0,0,0,0,3,1,2,0,0,0,0,8,-16,17.5,0,0,17.0,1,13054,13054,13054,9243,12053,14536,8363,3481,11647,1,13731,14642,13731,12711,22415,23339,5723,9095,1511,8133,1,1,18674,13058,24240,13923,2016,109,13422,1.0,27:46,,1610612752,NYK,New York,201584,Courtney Lee,Courtney,G,,27.000000:46,106.7,106.7,138.3,135.6,-31.6,-28.9,0.13,3.0,30.0,0.0,0.0,0.0,10.0,0.667,0.667,0.106,0.108,101.82,102.86,85.71,60,0.065,3.0
39,14393,14393,2017-18,201584,Courtney Lee,Courtney,1610612752,NYK,New York Knicks,21700550,2018-01-02T00:00:00,NYK vs. SAS,L,36.35,5,15,0.333,2,7,0.286,1,1,1.0,0,5,5,5,3,1,2,1,2,1,13,-11,32.5,0,0,31.0,1,13054,13054,13054,2134,6480,2788,17065,3481,1687,10085,10216,13052,1,12711,4562,7090,2623,1936,4599,803,17404,11691,12172,7521,22023,4836,2016,109,4763,1.0,36:21,,1610612752,NYK,New York,201584,Courtney Lee,Courtney,G,,36.000000:21,92.1,98.6,116.3,114.3,-24.2,-15.7,0.25,1.67,21.7,0.0,0.122,0.06,13.0,0.4,0.421,0.214,0.214,94.86,92.43,77.03,70,0.079,16.0
40,14790,14790,2017-18,201584,Courtney Lee,Courtney,1610612752,NYK,New York Knicks,21700532,2017-12-30T00:00:00,NYK @ NOP,W,35.56666666666667,4,12,0.333,1,3,0.333,0,0,0.0,0,3,3,4,0,1,1,0,0,0,9,4,24.6,0,0,21.0,1,1,1,1,2679,9019,5302,17065,6911,8645,8071,13731,14642,13731,12711,9682,12541,3868,16820,4599,2512,1,1,18674,11916,8276,8974,2016,109,10404,1.0,35:34,,1610612752,NYK,New York,201584,Courtney Lee,Courtney,G,,35.000000:34,105.0,105.3,100.1,98.7,4.9,6.6,0.148,0.0,25.0,0.0,0.086,0.041,0.0,0.375,0.375,0.143,0.146,102.62,103.24,86.04,76,0.062,3.0
41,15057,15057,2017-18,201584,Courtney Lee,Courtney,1610612752,NYK,New York Knicks,21700519,2017-12-28T00:00:00,NYK @ SAS,L,39.126666666666665,7,15,0.467,2,5,0.4,2,2,1.0,0,2,2,1,2,1,0,0,1,2,18,-7,22.9,0,0,25.0,1,13054,13054,13054,761,3042,2788,11946,3481,4175,7111,5999,7582,1,12711,13412,16012,12861,4386,4599,8133,1,5153,7539,3848,19142,10066,2016,109,7801,1.0,39:08,,1610612752,NYK,New York,201584,Courtney Lee,Courtney,G,,39.000000:08,107.5,109.0,115.5,115.0,-8.0,-6.0,0.038,0.5,5.3,0.0,0.051,0.025,10.5,0.533,0.567,0.202,0.202,97.33,96.92,80.76,78,0.064,3.0
42,15127,15127,2017-18,201584,Courtney Lee,Courtney,1610612752,NYK,New York Knicks,21700509,2017-12-27T00:00:00,NYK @ CHI,L,34.86666666666667,7,18,0.389,3,8,0.375,0,0,0.0,0,3,3,4,2,1,0,0,3,0,17,-10,27.6,0,0,29.0,1,13054,13054,13054,3202,3042,1318,15700,1558,1032,7829,13731,14642,13731,12711,9682,12541,3868,4386,4599,8133,1,17900,18674,4436,21382,7217,2016,109,5644,1.0,34:52,,1610612752,NYK,New York,201584,Courtney Lee,Courtney,G,,34.000000:52,79.4,78.7,88.3,92.0,-8.9,-13.3,0.25,2.0,16.7,0.0,0.073,0.038,8.3,0.472,0.472,0.256,0.262,104.93,103.25,86.04,75,0.078,3.0
43,15575,15575,2017-18,201584,Courtney Lee,Courtney,1610612752,NYK,New York Knicks,21700493,2017-12-25T00:00:00,NYK vs. PHI,L,34.95,8,13,0.615,2,4,0.5,2,2,1.0,2,1,3,2,1,2,0,0,3,1,20,6,31.6,0,0,31.0,1,13054,13054,13054,3131,1983,4341,5082,3481,6151,3791,5999,7582,1,2736,17844,12541,8497,9095,1511,8133,1,17900,12172,2855,6621,5224,2016,109,4763,1.0,34:57,,1610612752,NYK,New York,201584,Courtney Lee,Courtney,G,,34.000000:57,100.4,107.4,96.3,97.1,4.1,10.3,0.1,2.0,11.8,0.045,0.029,0.038,5.9,0.692,0.72,0.169,0.171,97.68,94.08,78.4,68,0.192,16.0
44,15870,15870,2017-18,201584,Courtney Lee,Courtney,1610612752,NYK,New York Knicks,21700471,2017-12-22T00:00:00,NYK @ DET,L,33.63,6,15,0.4,2,5,0.4,2,2,1.0,1,4,5,4,1,1,0,1,2,1,16,12,30.0,0,0,29.0,1,13054,13054,13054,4194,4530,2788,14515,3481,4175,7111,5999,7582,1,5905,6671,7090,3868,9095,4599,8133,17404,11691,12172,5058,3240,5920,2016,109,5644,1.0,33:38,,1610612752,NYK,New York,201584,Courtney Lee,Courtney,G,,33.000000:38,104.6,108.8,92.0,91.2,12.5,17.6,0.154,4.0,20.0,0.025,0.1,0.063,5.0,0.467,0.504,0.195,0.193,98.57,97.06,80.88,68,0.116,4.0
45,16106,16106,2017-18,201584,Courtney Lee,Courtney,1610612752,NYK,New York Knicks,21700468,2017-12-21T00:00:00,NYK vs. BOS,W,27.881666666666668,2,9,0.222,2,4,0.5,6,6,1.0,1,3,4,3,1,2,0,0,2,3,12,5,26.3,0,0,25.0,1,1,1,1,9128,15444,9295,21165,3481,6151,3791,1000,1743,1,5905,9682,9561,5723,9095,1511,8133,1,11691,4452,8469,7404,7938,2016,109,7801,1.0,27:53,,1610612752,NYK,New York,201584,Courtney Lee,Courtney,G,,27.000000:53,105.3,109.3,94.4,98.2,10.9,11.1,0.158,3.0,18.8,0.036,0.083,0.063,6.3,0.333,0.515,0.197,0.203,97.47,93.83,78.19,54,0.124,15.0
46,16589,16589,2017-18,201584,Courtney Lee,Courtney,1610612752,NYK,New York Knicks,21700441,2017-12-18T00:00:00,NYK @ CHA,L,24.216666666666665,1,8,0.125,0,4,0.0,0,0,0.0,0,2,2,2,3,0,0,0,0,0,2,-14,4.4,0,0,6.0,1,13054,13054,13054,12457,19115,10961,22491,12784,6151,12784,13731,14642,13731,12711,13412,16012,8497,1936,12224,8133,1,1,18674,21168,23492,23044,2016,109,21716,1.0,24:13,,1610612752,NYK,New York,201584,Courtney Lee,Courtney,G,,24.000000:13,92.2,91.5,114.8,118.8,-22.6,-27.3,0.111,0.67,15.4,0.0,0.083,0.041,23.1,0.125,0.125,0.208,0.209,95.42,94.15,78.46,47,-0.041,4.0
47,16779,16779,2017-18,201584,Courtney Lee,Courtney,1610612752,NYK,New York Knicks,21700431,2017-12-16T00:00:00,NYK vs. OKC,W,31.616666666666667,5,12,0.417,3,6,0.5,7,7,1.0,1,4,5,2,1,2,0,0,2,3,20,11,34.0,0,0,34.0,1,1,1,1,5881,6480,5302,14125,1558,2684,3791,658,1293,1,5905,6671,7090,8497,9095,1511,8133,1,11691,4452,2855,3691,4194,2016,109,3595,1.0,31:37,,1610612752,NYK,New York,201584,Courtney Lee,Courtney,G,,31.000000:37,125.1,126.2,107.1,108.2,17.9,18.0,0.105,2.0,11.1,0.04,0.111,0.082,5.6,0.542,0.663,0.235,0.24,93.49,92.61,77.17,61,0.164,16.0
48,17169,17169,2017-18,201584,Courtney Lee,Courtney,1610612752,NYK,New York Knicks,21700414,2017-12-14T00:00:00,NYK @ BKN,W,36.266666666666666,9,17,0.529,3,4,0.75,6,6,1.0,0,4,4,3,1,2,0,0,1,3,27,6,41.3,0,0,41.0,1,1,1,1,2182,1220,1694,8168,1558,6151,1662,1000,1743,1,12711,6671,9561,5723,9095,1511,8133,1,5153,4452,866,6621,2112,2016,109,1713,1.0,36:16,,1610612752,NYK,New York,201584,Courtney Lee,Courtney,G,,36.000000:16,115.1,118.9,105.7,110.8,9.4,8.1,0.13,3.0,12.5,0.0,0.114,0.057,4.2,0.618,0.687,0.247,0.252,101.96,97.94,81.62,74,0.174,3.0
49,17519,17519,2017-18,201584,Courtney Lee,Courtney,1610612752,NYK,New York Knicks,21700399,2017-12-12T00:00:00,NYK vs. LAL,W,40.1,5,17,0.294,0,4,0.0,0,0,0.0,1,2,3,4,1,2,0,1,3,0,10,11,24.6,0,0,21.0,1,1,1,1,484,6480,1694,19399,12784,6151,12784,13731,14642,13731,5905,13412,12541,3868,9095,1511,8133,17404,17900,18674,10645,3691,8974,2016,109,10404,1.0,40:06,,1610612752,NYK,New York,201584,Courtney Lee,Courtney,G,,40.000000:06,114.5,117.3,104.8,106.3,9.7,11.0,0.114,4.0,18.2,0.023,0.042,0.033,4.5,0.294,0.294,0.186,0.192,97.63,95.76,79.8,81,0.015,16.0
50,17847,17847,2017-18,201584,Courtney Lee,Courtney,1610612752,NYK,New York Knicks,21700390,2017-12-10T00:00:00,NYK vs. ATL,W,21.543333333333333,2,6,0.333,0,1,0.0,0,0,0.0,0,2,2,0,1,0,0,0,0,1,4,-5,5.4,0,0,6.0,1,1,1,1,14756,15444,14536,17065,12784,15030,12784,13731,14642,13731,12711,13412,16012,18867,9095,12224,8133,1,1,12172,18469,17397,22446,2016,109,21716,1.0,21:33,,1610612752,NYK,New York,201584,Courtney Lee,Courtney,G,,21.000000:33,95.1,97.7,118.5,114.3,-23.3,-16.6,0.0,0.0,0.0,0.0,0.1,0.05,14.3,0.333,0.333,0.146,0.145,95.49,95.81,79.84,44,0.014,15.0
51,17976,17976,2017-18,201584,Courtney Lee,Courtney,1610612752,NYK,New York Knicks,21700380,2017-12-09T00:00:00,NYK @ CHI,L,29.733333333333334,6,14,0.429,1,4,0.25,1,1,1.0,1,3,4,2,1,2,0,1,3,1,14,-1,26.8,0,0,25.0,1,13054,13054,13054,7480,4530,3550,13354,6911,6151,10398,10216,13052,1,5905,9682,9561,8497,9095,1511,8133,17404,17900,12172,6634,13246,7655,2016,109,7801,1.0,29:44,,1610612752,NYK,New York,201584,Courtney Lee,Courtney,G,,29.000000:44,92.8,98.4,97.8,96.8,-4.9,1.5,0.1,2.0,11.8,0.029,0.107,0.063,5.9,0.464,0.485,0.208,0.209,102.54,100.09,83.41,61,0.087,3.0
52,18304,18304,2017-18,201584,Courtney Lee,Courtney,1610612752,NYK,New York Knicks,21700357,2017-12-06T00:00:00,NYK vs. MEM,W,37.568333333333335,10,17,0.588,4,6,0.667,0,0,0.0,0,1,1,3,1,1,0,0,3,0,24,18,31.7,0,0,34.0,1,1,1,1,1418,776,1694,6116,672,2684,2049,13731,14642,13731,12711,17844,19703,5723,9095,4599,8133,1,17900,18674,1508,1389,5185,2016,109,3595,1.0,37:34,,1610612752,NYK,New York,201584,Courtney Lee,Courtney,G,,37.000000:34,118.1,115.1,91.9,93.0,26.2,22.1,0.158,3.0,14.3,0.0,0.03,0.016,4.8,0.706,0.706,0.214,0.225,91.3,91.99,76.66,73,0.16,15.0
53,18711,18711,2017-18,201584,Courtney Lee,Courtney,1610612752,NYK,New York Knicks,21700340,2017-12-04T00:00:00,NYK @ IND,L,19.766666666666666,4,7,0.571,0,2,0.0,0,0,0.0,0,0,0,1,3,0,0,1,1,0,8,-34,6.5,0,0,9.0,1,13054,13054,13054,16323,9019,12683,6384,12784,11647,12784,13731,14642,13731,12711,22415,23339,12861,1936,12224,8133,17404,5153,18674,13058,26061,21740,2016,109,19576,1.0,19:46,,1610612752,NYK,New York,201584,Courtney Lee,Courtney,F,,19.000000:46,75.5,75.0,148.1,148.8,-72.7,-73.8,0.111,0.33,9.1,0.0,0.0,0.0,27.3,0.571,0.571,0.233,0.234,100.73,100.78,83.98,40,0.021,0.0
54,18891,18891,2017-18,201584,Courtney Lee,Courtney,1610612752,NYK,New York Knicks,21700334,2017-12-03T00:00:00,NYK vs. ORL,L,35.651666666666664,8,13,0.615,1,3,0.333,2,2,1.0,0,5,5,2,1,2,0,0,1,1,19,7,33.0,0,0,31.0,1,13054,13054,13054,2606,1983,4341,5082,6911,8645,8071,5999,7582,1,12711,4562,7090,8497,9095,1511,8133,1,5153,12172,3342,5918,4633,2016,109,4763,1.0,35:39,,1610612752,NYK,New York,201584,Courtney Lee,Courtney,F,,35.000000:39,96.2,96.2,91.0,90.7,5.2,5.5,0.083,2.0,11.8,0.0,0.132,0.068,5.9,0.654,0.684,0.174,0.181,102.78,103.0,85.83,78,0.169,12.0
55,19383,19383,2017-18,201584,Courtney Lee,Courtney,1610612752,NYK,New York Knicks,21700306,2017-11-29T00:00:00,NYK vs. MIA,W,28.44,5,9,0.556,2,2,1.0,5,5,1.0,0,5,5,2,1,3,1,0,0,2,17,20,37.0,0,0,34.0,1,1,1,1,8634,6480,9295,7065,3481,11647,1,1627,2744,1,12711,4562,7090,8497,9095,486,2512,1,1,7539,4436,1012,3222,2016,109,3595,1.0,28:26,,1610612752,NYK,New York,201584,Courtney Lee,Courtney,G,,28.000000:26,122.9,123.2,84.1,87.5,38.8,35.7,0.095,2.0,14.3,0.0,0.139,0.091,7.1,0.667,0.759,0.194,0.193,96.57,94.51,78.76,56,0.209,16.0
56,19744,19744,2017-18,201584,Courtney Lee,Courtney,1610612752,NYK,New York Knicks,21700293,2017-11-27T00:00:00,NYK vs. POR,L,35.61666666666667,5,9,0.556,0,0,0.0,4,5,0.8,0,0,0,2,0,1,0,0,1,3,14,-14,20.0,0,0,18.0,1,13054,13054,13054,2635,6480,9295,7065,12784,18958,12784,2516,2744,7608,12711,22415,23339,8497,16820,4599,8133,1,5153,4452,6634,23492,12038,2016,109,12644,1.0,35:37,,1610612752,NYK,New York,201584,Courtney Lee,Courtney,G,,35.000000:37,95.8,94.6,111.3,112.0,-15.4,-17.4,0.095,0.0,15.4,0.0,0.0,0.0,0.0,0.556,0.625,0.136,0.137,100.08,100.4,83.67,74,0.081,16.0
57,20075,20075,2017-18,201584,Courtney Lee,Courtney,1610612752,NYK,New York Knicks,21700282,2017-11-25T00:00:00,NYK @ HOU,L,32.98166666666667,6,11,0.545,3,8,0.375,2,2,1.0,0,2,2,4,2,1,0,0,3,1,17,-5,26.4,0,0,28.0,1,13054,13054,13054,4717,4530,6432,7518,1558,1032,7829,5999,7582,1,12711,13412,16012,3868,4386,4599,8133,1,17900,12172,4436,17397,7879,2016,109,6151,1.0,32:59,,1610612752,NYK,New York,201584,Courtney Lee,Courtney,G,,32.000000:59,101.1,107.2,110.0,112.9,-8.9,-5.6,0.167,2.0,22.2,0.0,0.051,0.029,11.1,0.682,0.715,0.187,0.184,105.48,101.15,84.29,69,0.096,3.0
58,20176,20176,2017-18,201584,Courtney Lee,Courtney,1610612752,NYK,New York Knicks,21700268,2017-11-24T00:00:00,NYK @ ATL,L,37.516666666666666,11,14,0.786,2,3,0.667,2,2,1.0,0,4,4,2,0,0,1,0,0,1,26,-2,36.8,0,0,36.0,1,13054,13054,13054,1446,453,3550,1760,3481,8645,2049,5999,7582,1,12711,6671,9561,8497,16820,12224,2512,1,1,12172,1035,14288,3291,2016,109,2923,1.0,37:31,,1610612752,NYK,New York,201584,Courtney Lee,Courtney,G,,37.000000:31,112.2,112.8,112.6,115.4,-0.3,-2.6,0.083,0.0,11.8,0.0,0.089,0.053,0.0,0.857,0.874,0.176,0.182,101.31,99.8,83.16,78,0.175,3.0
59,20373,20373,2017-18,201584,Courtney Lee,Courtney,1610612752,NYK,New York Knicks,21700258,2017-11-22T00:00:00,NYK vs. TOR,W,33.4,7,12,0.583,1,2,0.5,0,1,0.0,2,3,5,7,1,3,0,1,2,1,15,18,39.5,0,0,34.0,1,1,1,1,4385,3042,5302,6158,6911,11647,3791,13731,13052,13731,2736,9682,7090,1126,9095,486,8133,17404,11691,12172,5773,1389,2528,2016,109,3595,2.0,33:24,,1610612752,NYK,New York,201584,Courtney Lee,Courtney,G,,33.000000:24,114.7,117.6,92.2,95.4,22.6,22.3,0.28,7.0,35.0,0.057,0.068,0.063,5.0,0.625,0.603,0.159,0.167,98.44,95.57,79.64,68,0.167,16.0
60,20881,20881,2017-18,201584,Courtney Lee,Courtney,1610612752,NYK,New York Knicks,21700245,2017-11-20T00:00:00,NYK vs. LAC,W,26.733333333333334,3,5,0.6,1,2,0.5,3,3,1.0,1,4,5,3,1,2,1,1,2,1,10,11,28.5,0,0,25.0,1,1,1,1,10179,12053,16430,5255,6911,11647,3791,4044,6031,1,5905,6671,7090,5723,9095,1511,2512,17404,11691,12172,10645,3691,6734,2016,109,7801,1.0,26:44,,1610612752,NYK,New York,201584,Courtney Lee,Courtney,G,,26.000000:44,108.0,108.9,88.3,92.6,19.7,16.3,0.2,3.0,30.0,0.042,0.133,0.093,10.0,0.7,0.791,0.108,0.112,101.55,98.75,82.29,56,0.176,16.0
61,21342,21342,2017-18,201584,Courtney Lee,Courtney,1610612752,NYK,New York Knicks,21700221,2017-11-17T00:00:00,NYK @ TOR,L,35.21666666666667,1,9,0.111,1,5,0.2,0,0,0.0,2,4,6,4,0,1,0,2,1,1,3,-25,19.2,0,0,16.0,1,13054,13054,13054,2959,19115,9295,22582,6911,4175,11622,13731,14642,13731,2736,6671,5255,3868,16820,4599,8133,23707,5153,12172,20013,25810,12616,2016,109,14193,2.0,35:13,,1610612752,NYK,New York,201584,Courtney Lee,Courtney,G,,35.000000:13,91.7,90.9,126.3,126.9,-34.5,-36.0,0.19,0.0,30.8,0.047,0.174,0.091,0.0,0.167,0.167,0.118,0.121,90.45,90.64,75.53,66,0.027,3.0
62,21607,21607,2017-18,201584,Courtney Lee,Courtney,1610612752,NYK,New York Knicks,21700206,2017-11-15T00:00:00,NYK vs. UTA,W,39.416666666666664,6,15,0.4,3,5,0.6,4,4,1.0,2,5,7,3,2,0,0,2,2,2,19,4,29.9,0,0,32.0,1,1,1,1,679,4530,2788,14515,1558,4175,3041,2516,3694,1,2736,4562,3855,5723,4386,12224,8133,23707,11691,7539,3342,8276,5975,2016,109,4339,1.0,39:25,,1610612752,NYK,New York,201584,Courtney Lee,Courtney,G,,39.000000:25,117.6,119.7,115.1,114.5,2.6,5.3,0.107,1.5,13.6,0.057,0.147,0.101,9.1,0.5,0.567,0.218,0.223,93.13,92.55,77.12,76,0.098,16.0
63,21949,21949,2017-18,201584,Courtney Lee,Courtney,1610612752,NYK,New York Knicks,21700193,2017-11-13T00:00:00,NYK vs. CLE,L,36.766666666666666,6,12,0.5,2,5,0.4,1,1,1.0,1,3,4,1,1,2,0,0,3,0,15,-3,26.3,0,0,26.0,1,13054,13054,13054,1849,4530,5302,8363,3481,4175,7111,10216,13052,1,5905,9682,9561,12861,9095,1511,8133,1,17900,18674,5773,15423,7938,2016,109,7224,2.0,36:46,,1610612752,NYK,New York,201584,Courtney Lee,Courtney,G,,36.000000:46,107.0,109.2,111.0,111.7,-4.0,-2.5,0.037,1.0,7.1,0.026,0.079,0.053,7.1,0.583,0.603,0.146,0.147,101.23,99.87,83.23,76,0.081,15.0
64,22075,22075,2017-18,201584,Courtney Lee,Courtney,1610612752,NYK,New York Knicks,21700179,2017-11-11T00:00:00,NYK vs. SAC,W,29.5,7,9,0.778,5,6,0.833,1,2,0.5,0,2,2,3,0,0,0,0,0,1,20,20,26.9,0,0,30.0,1,1,1,1,7682,3042,9295,1778,282,2684,1509,10216,7582,10590,12711,13412,16012,5723,16820,12224,8133,1,1,12172,2855,1012,7600,2016,109,5181,1.0,29:30,,1610612752,NYK,New York,201584,Courtney Lee,Courtney,G,,29.000000:30,125.3,125.9,92.4,91.4,32.9,34.5,0.143,0.0,23.1,0.0,0.071,0.035,0.0,1.056,1.012,0.152,0.156,94.08,94.37,78.64,58,0.203,15.0
65,22578,22578,2017-18,201584,Courtney Lee,Courtney,1610612752,NYK,New York Knicks,21700160,2017-11-08T00:00:00,NYK @ ORL,L,29.716666666666665,3,7,0.429,1,2,0.5,5,5,1.0,0,2,2,1,3,4,0,0,0,3,12,-19,24.9,0,0,24.0,1,13054,13054,13054,7490,12053,12683,13354,6911,11647,3791,1627,2744,1,12711,13412,16012,12861,1936,125,8133,1,1,4452,8469,25017,8782,2016,109,8446,1.0,29:43,,1610612752,NYK,New York,201584,Courtney Lee,Courtney,G,,29.000000:43,101.0,103.4,130.3,133.3,-29.3,-29.9,0.045,0.33,7.7,0.0,0.083,0.042,23.1,0.5,0.652,0.179,0.178,98.37,96.11,80.09,59,0.086,3.0
66,22851,22851,2017-18,201584,Courtney Lee,Courtney,1610612752,NYK,New York Knicks,21700152,2017-11-07T00:00:00,NYK vs. CHA,W,35.75,2,6,0.333,0,1,0.0,2,2,1.0,1,2,3,9,2,0,0,0,0,2,6,1,21.1,0,0,18.0,1,1,1,1,2545,15444,14536,17065,12784,15030,12784,5999,7582,1,5905,13412,12541,466,4386,12224,8133,1,1,7539,15609,11054,11271,2016,109,12644,1.0,35:45,,1610612752,NYK,New York,201584,Courtney Lee,Courtney,G,,35.000000:45,129.1,130.4,127.2,127.1,1.9,3.3,0.265,4.5,50.0,0.04,0.063,0.053,11.1,0.333,0.436,0.118,0.119,93.77,93.31,77.76,69,0.068,15.0
67,23155,23155,2017-18,201584,Courtney Lee,Courtney,1610612752,NYK,New York Knicks,21700142,2017-11-05T00:00:00,NYK vs. IND,W,27.831666666666667,2,9,0.222,1,3,0.333,2,2,1.0,0,4,4,3,1,2,0,1,0,1,7,-9,21.3,0,0,19.0,1,1,1,1,9184,15444,9295,21165,6911,8645,8071,5999,7582,1,12711,6671,9561,5723,9095,1511,8133,17404,1,12172,14463,20674,11152,2016,109,11894,1.0,27:50,,1610612752,NYK,New York,201584,Courtney Lee,Courtney,G,,27.000000:50,99.9,101.8,114.1,113.8,-14.2,-12.0,0.13,3.0,21.4,0.0,0.154,0.073,7.1,0.278,0.354,0.175,0.172,99.1,98.31,81.92,56,0.067,17.0
68,23427,23427,2017-18,201584,Courtney Lee,Courtney,1610612752,NYK,New York Knicks,21700124,2017-11-03T00:00:00,NYK vs. PHX,W,34.903333333333336,4,12,0.333,2,6,0.333,0,0,0.0,1,4,5,3,1,2,0,0,4,0,10,7,25.5,0,0,24.0,1,1,1,1,3172,9019,5302,17065,3481,2684,8071,13731,14642,13731,5905,6671,7090,5723,9095,1511,8133,1,22329,18674,10645,5918,8429,2016,109,8446,1.0,34:54,,1610612752,NYK,New York,201584,Courtney Lee,Courtney,G,,34.000000:54,118.7,123.2,106.7,111.4,12.0,11.8,0.103,3.0,18.8,0.034,0.087,0.067,6.3,0.417,0.417,0.171,0.168,99.51,95.58,79.65,69,0.049,15.0
69,23726,23726,2017-18,201584,Courtney Lee,Courtney,1610612752,NYK,New York Knicks,21700111,2017-11-01T00:00:00,NYK vs. HOU,L,23.516666666666666,3,6,0.5,1,2,0.5,0,0,0.0,0,5,5,1,1,1,0,1,1,0,7,-11,16.5,0,0,16.0,1,13054,13054,13054,13084,12053,14536,8363,6911,11647,3791,13731,14642,13731,12711,4562,7090,12861,9095,4599,8133,17404,5153,18674,14463,22023,14662,2016,109,14193,2.0,23:31,,1610612752,NYK,New York,201584,Courtney Lee,Courtney,G,,23.000000:31,98.6,103.9,121.9,123.1,-23.3,-19.2,0.053,1.0,12.5,0.0,0.227,0.111,12.5,0.583,0.583,0.127,0.126,108.46,105.12,87.6,51,0.083,15.0
70,23980,23980,2017-18,201584,Courtney Lee,Courtney,1610612752,NYK,New York Knicks,21700094,2017-10-30T00:00:00,NYK vs. DEN,W,34.88666666666666,4,8,0.5,2,4,0.5,2,2,1.0,0,2,2,4,2,1,0,1,2,1,12,1,21.4,0,0,22.0,1,1,1,1,3185,9019,10961,8363,3481,6151,3791,5999,7582,1,12711,13412,16012,3868,4386,4599,8133,17404,11691,12172,8469,11054,11086,2016,109,9733,1.0,34:53,,1610612752,NYK,New York,201584,Courtney Lee,Courtney,G,,34.000000:53,107.2,114.3,116.7,112.9,-9.5,1.4,0.16,2.0,26.7,0.0,0.051,0.029,13.3,0.625,0.676,0.138,0.136,97.88,96.31,80.26,70,0.081,16.0
71,24177,24177,2017-18,201584,Courtney Lee,Courtney,1610612752,NYK,New York Knicks,21700090,2017-10-29T00:00:00,NYK @ CLE,W,38.4,6,11,0.545,3,6,0.5,0,0,0.0,0,10,10,3,1,2,0,0,4,0,15,21,36.5,1,0,35.0,1,1,1,1,1020,4530,6432,7518,1558,2684,3791,13731,14642,13731,12711,552,1444,5723,9095,1511,8133,1,22329,18674,5773,840,3377,1,109,3228,1.0,38:24,,1610612752,NYK,New York,201584,Courtney Lee,Courtney,G,,38.000000:24,117.8,118.5,91.4,92.6,26.4,25.9,0.1,3.0,20.0,0.0,0.238,0.122,6.7,0.682,0.682,0.129,0.131,102.2,101.25,84.38,81,0.134,3.0
72,24531,24531,2017-18,201584,Courtney Lee,Courtney,1610612752,NYK,New York Knicks,21700073,2017-10-27T00:00:00,NYK vs. BKN,W,29.833333333333332,4,11,0.364,3,6,0.5,2,2,1.0,1,2,3,1,0,1,0,0,0,1,13,13,21.1,0,0,22.0,1,1,1,1,7389,9019,6432,16546,1558,2684,3791,5999,7582,1,5905,13412,12541,12861,16820,4599,8133,1,1,12172,7521,2851,11271,2016,109,9733,1.0,29:50,,1610612752,NYK,New York,201584,Courtney Lee,Courtney,G,,29.000000:50,113.6,119.0,97.6,98.2,16.1,20.7,0.042,0.0,7.7,0.029,0.069,0.047,0.0,0.5,0.547,0.167,0.17,95.02,92.51,77.09,58,0.109,16.0
73,25033,25033,2017-18,201584,Courtney Lee,Courtney,1610612752,NYK,New York Knicks,21700051,2017-10-24T00:00:00,NYK @ BOS,L,35.10166666666667,6,10,0.6,1,3,0.333,0,0,0.0,0,2,2,3,1,1,0,1,2,0,13,-10,21.9,0,0,21.0,1,13054,13054,13054,3035,4530,7776,5255,6911,8645,8071,13731,14642,13731,12711,13412,16012,5723,9095,4599,8133,17404,11691,18674,7521,21382,10750,2016,109,10404,2.0,35:06,,1610612752,NYK,New York,201584,Courtney Lee,Courtney,G,,35.000000:06,88.4,85.9,101.0,101.4,-12.7,-15.5,0.167,3.0,21.4,0.0,0.061,0.028,7.1,0.65,0.65,0.134,0.139,95.26,96.41,80.34,71,0.104,3.0
74,25368,25368,2017-18,201584,Courtney Lee,Courtney,1610612752,NYK,New York Knicks,21700030,2017-10-21T00:00:00,NYK vs. DET,L,29.0,2,8,0.25,0,2,0.0,0,0,0.0,0,2,2,1,3,2,0,0,2,0,4,-5,10.9,0,0,11.0,1,13054,13054,13054,8128,15444,10961,20170,12784,11647,12784,13731,14642,13731,12711,13412,16012,12861,1936,1511,8133,1,11691,18674,18469,17397,18830,2016,109,18043,1.0,29:00,,1610612752,NYK,New York,201584,Courtney Lee,Courtney,G,,29.000000:00,104.7,105.2,117.7,117.9,-13.0,-12.7,0.056,0.33,8.3,0.0,0.074,0.036,25.0,0.25,0.25,0.164,0.166,94.61,94.34,78.62,58,-0.021,16.0
75,25837,25837,2017-18,201584,Courtney Lee,Courtney,1610612752,NYK,New York Knicks,21700015,2017-10-19T00:00:00,NYK @ OKC,L,31.465,4,9,0.444,1,2,0.5,0,0,0.0,0,2,2,3,2,1,0,0,0,0,9,-22,16.9,0,0,17.0,1,13054,13054,13054,6005,9019,9295,12726,6911,11647,3791,13731,14642,13731,12711,13412,16012,5723,4386,4599,8133,1,1,18674,11916,25524,14366,2016,109,13422,1.0,31:28,,1610612752,NYK,New York,201584,Courtney Lee,Courtney,G,,31.000000:28,73.1,74.6,99.3,107.5,-26.2,-32.8,0.188,1.5,21.4,0.0,0.063,0.03,14.3,0.5,0.5,0.143,0.144,107.46,102.21,85.17,67,0.105,3.0
