,Unnamed: 0.1,Unnamed: 0_left,SEASON_YEAR,PLAYER_ID_left,PLAYER_NAME_left,NICKNAME_left,TEAM_ID_left,TEAM_ABBREVIATION_left,TEAM_NAME,GAME_ID,GAME_DATE,MATCHUP,WL,MIN_left,FGM,FGA,FG_PCT,FG3M,FG3A,FG3_PCT,FTM,FTA,FT_PCT,OREB,DREB,REB,AST,TOV,STL,BLK,BLKA,PF,PFD,PTS,PLUS_MINUS,NBA_FANTASY_PTS,DD2,TD3,WNBA_FANTASY_PTS,GP_RANK,W_RANK,L_RANK,W_PCT_RANK,MIN_RANK,FGM_RANK,FGA_RANK,FG_PCT_RANK,FG3M_RANK,FG3A_RANK,FG3_PCT_RANK,FTM_RANK,FTA_RANK,FT_PCT_RANK,OREB_RANK,DREB_RANK,REB_RANK,AST_RANK,TOV_RANK,STL_RANK,BLK_RANK,BLKA_RANK,PF_RANK,PFD_RANK,PTS_RANK,PLUS_MINUS_RANK,NBA_FANTASY_PTS_RANK,DD2_RANK,TD3_RANK,WNBA_FANTASY_PTS_RANK,AVAILABLE_FLAG,MIN_SEC,NET_RANKING,TEAM_ID,TEAM_ABBREVIATION,TEAM_CITY,PLAYER_ID,PLAYER_NAME,NICKNAME,START_POSITION,COMMENT,MIN,E_OFF_RATING,OFF_RATING,E_DEF_RATING,DEF_RATING,E_NET_RATING,NET_RATING,AST_PCT,AST_TOV,AST_RATIO,OREB_PCT,DREB_PCT,REB_PCT,TM_TOV_PCT,EFG_PCT,TS_PCT,USG_PCT,E_USG_PCT,E_PACE,PACE,PACE_PER40,POSS,PIE,Unnamed: 0
0,105,105,2016-17,1626257,Salah Mejri,Salah,1610612742,DAL,Dallas Mavericks,21601223,2017-04-12T00:00:00,DAL @ MEM,W,11.733333333333333,2,2,1.0,1,1,1.0,1,2,0.5,1,1,2,0,0,0,0,0,3,1,6,5,8.4,0,0,9.0,1,1,1,1,21888,15070,21916,1,6264,14538,1,10567,7939,10848,6171,17700,15902,18531,16648,12237,7994,1,17848,12086,15401,7423,20510,2032,118,19424,1,11:44,,1610612742,DAL,Dallas,1626257,Salah Mejri,Salah,,,11.000000:44,131.6,147.4,119.0,121.1,12.5,26.3,0.0,0.0,0.0,0.1,0.1,0.1,0.0,1.25,1.042,0.13,0.129,83.05,77.73,64.77,19,0.092,7.0
1,358,358,2016-17,1626257,Salah Mejri,Salah,1610612742,DAL,Dallas Mavericks,21601214,2017-04-11T00:00:00,DAL vs. DEN,L,7.966666666666667,1,2,0.5,0,0,0.0,0,0,0.0,1,1,2,0,0,0,0,0,1,1,2,-15,4.4,0,0,4.0,1,13060,13060,13060,23312,18863,21916,8149,12221,18442,12221,13946,14843,13946,6171,17700,15902,18531,16648,12237,7994,1,5176,12086,21017,23997,23086,2032,118,22998,1,7:58,,1610612742,DAL,Dallas,1626257,Salah Mejri,Salah,,,7.000000:58,70.6,70.6,161.1,150.0,-90.5,-79.4,0.0,0.0,0.0,0.111,0.167,0.133,0.0,0.5,0.5,0.111,0.111,101.7,105.44,87.87,17,0.037,21.0
2,683,683,2016-17,1626257,Salah Mejri,Salah,1610612742,DAL,Dallas Mavericks,21601199,2017-04-09T00:00:00,DAL @ PHX,L,9.183333333333334,2,2,1.0,0,0,0.0,1,2,0.5,2,1,3,0,0,0,0,0,1,2,5,2,8.6,0,0,8.0,1,13060,13060,13060,22905,15070,21916,1,12221,18442,12221,10567,7939,10848,3010,17700,12475,18531,16648,12237,7994,1,5176,7572,16895,10057,20369,2032,118,20190,1,9:11,,1610612742,DAL,Dallas,1626257,Salah Mejri,Salah,,,9.000000:11,153.8,147.4,129.5,130.0,24.4,17.4,0.0,0.0,0.0,0.25,0.125,0.188,0.0,1.0,0.868,0.143,0.149,100.04,101.92,84.94,19,0.104,6.0
3,944,944,2016-17,1626257,Salah Mejri,Salah,1610612742,DAL,Dallas Mavericks,21601183,2017-04-07T00:00:00,DAL vs. SAS,L,7.783333333333333,3,6,0.5,0,0,0.0,0,0,0.0,0,1,1,0,0,0,0,0,1,0,6,5,7.2,0,0,7.0,1,13060,13060,13060,23386,11660,14148,8149,12221,18442,12221,13946,14843,13946,12923,17700,19668,18531,16648,12237,7994,1,5176,18615,15401,7423,21313,2032,118,20990,1,7:47,,1610612742,DAL,Dallas,1626257,Salah Mejri,Salah,,,7.000000:47,127.1,126.3,107.0,100.0,20.1,26.3,0.0,0.0,0.0,0.0,0.143,0.067,0.0,0.5,0.5,0.316,0.318,112.98,117.17,97.64,19,0.066,21.0
4,1259,1259,2016-17,1626257,Salah Mejri,Salah,1610612742,DAL,Dallas Mavericks,21601172,2017-04-05T00:00:00,DAL @ LAC,L,19.9,4,6,0.667,0,0,0.0,2,4,0.5,4,5,9,0,2,2,1,0,1,5,10,5,27.8,0,0,25.0,1,13060,13060,13060,16036,8702,14148,2938,12221,18442,12221,6376,4139,10848,748,4395,2152,18531,4192,1493,2482,1,5176,1538,10270,7423,7003,2032,118,7591,1,19:54,,1610612742,DAL,Dallas,1626257,Salah Mejri,Salah,,,19.000000:54,92.6,94.9,77.1,78.0,15.5,16.8,0.0,0.0,0.0,0.174,0.217,0.196,22.2,0.667,0.644,0.196,0.192,98.27,96.48,80.4,39,0.26,7.0
5,1741,1741,2016-17,1626257,Salah Mejri,Salah,1610612742,DAL,Dallas Mavericks,21601144,2017-04-02T00:00:00,DAL @ MIL,W,7.65,1,1,1.0,0,0,0.0,0,0,0.0,0,2,2,0,0,0,0,0,0,0,2,-4,4.4,0,0,4.0,1,1,1,1,23435,18863,23566,1,12221,18442,12221,13946,14843,13946,12923,13221,15902,18531,16648,12237,7994,1,1,18615,21017,16404,23086,2032,118,22998,1,7:39,,1610612742,DAL,Dallas,1626257,Salah Mejri,Salah,,,7.000000:39,120.4,115.8,141.3,136.8,-21.0,-21.1,0.0,0.0,0.0,0.0,0.4,0.182,0.0,1.0,1.0,0.05,0.055,115.07,119.22,99.35,19,0.104,9.0
6,2052,2052,2016-17,1626257,Salah Mejri,Salah,1610612742,DAL,Dallas Mavericks,21601131,2017-03-31T00:00:00,DAL @ MEM,L,12.366666666666667,3,4,0.75,0,0,0.0,2,4,0.5,2,2,4,0,0,0,1,0,4,2,8,-3,15.8,0,0,14.0,1,13060,13060,13060,21472,11660,18194,1897,12221,18442,12221,6376,4139,10848,3010,13221,9421,18531,16648,12237,2482,1,22341,7572,12666,15364,14814,2032,118,15341,1,12:22,,1610612742,DAL,Dallas,1626257,Salah Mejri,Salah,,,12.000000:22,110.4,104.2,124.3,112.0,-13.9,-7.8,0.0,0.0,0.0,0.143,0.182,0.16,0.0,0.75,0.694,0.222,0.234,87.64,95.09,79.25,24,0.093,6.0
7,2730,2730,2016-17,1626257,Salah Mejri,Salah,1610612742,DAL,Dallas Mavericks,21601100,2017-03-27T00:00:00,DAL vs. OKC,L,17.2,3,4,0.75,0,0,0.0,2,3,0.667,1,4,5,1,0,0,0,1,3,5,8,17,15.5,0,0,14.0,1,13060,13060,13060,18235,11660,18194,1897,12221,18442,12221,6376,6524,9575,6171,6518,7038,12386,16648,12237,7994,17509,17848,1538,12666,1547,15047,2032,118,15341,1,17:12,,1610612742,DAL,Dallas,1626257,Salah Mejri,Salah,,,17.000000:12,120.4,121.9,64.3,66.7,56.0,55.2,0.091,0.0,16.7,0.071,0.19,0.143,0.0,0.75,0.752,0.147,0.145,92.93,90.7,75.58,32,0.175,20.0
8,3065,3065,2016-17,1626257,Salah Mejri,Salah,1610612742,DAL,Dallas Mavericks,21601084,2017-03-25T00:00:00,DAL vs. TOR,L,14.85,1,2,0.5,0,0,0.0,0,0,0.0,2,3,5,1,0,0,0,1,1,3,2,-4,9.5,0,0,8.0,1,13060,13060,13060,19927,18863,21916,8149,12221,18442,12221,13946,14843,13946,3010,9449,7038,12386,16648,12237,7994,17509,5176,4543,21017,16404,19668,2032,118,20190,1,14:51,,1610612742,DAL,Dallas,1626257,Salah Mejri,Salah,,,14.000000:51,85.1,85.7,104.6,100.0,-19.5,-14.3,0.125,0.0,33.3,0.118,0.273,0.179,0.0,0.5,0.5,0.057,0.06,88.82,90.51,75.42,28,0.12,19.0
9,3391,3391,2016-17,1626257,Salah Mejri,Salah,1610612742,DAL,Dallas Mavericks,21601069,2017-03-23T00:00:00,DAL vs. LAC,W,1.5816666666666668,0,1,0.0,0,0,0.0,0,0,0.0,0,1,1,0,0,0,1,0,0,0,0,-3,4.2,0,0,3.0,1,1,1,1,25761,22732,23566,22732,12221,18442,12221,13946,14843,13946,12923,17700,19668,18531,16648,12237,2482,1,1,18615,23374,15364,23199,2032,118,23632,1,1:35,,1610612742,DAL,Dallas,1626257,Salah Mejri,Salah,,,1.000000:35,66.7,66.7,94.0,100.0,-27.3,-33.3,0.0,0.0,0.0,0.0,0.25,0.167,0.0,0.0,0.0,0.333,0.333,126.25,121.39,101.16,3,0.125,20.0
10,3679,3679,2016-17,1626257,Salah Mejri,Salah,1610612742,DAL,Dallas Mavericks,21601055,2017-03-21T00:00:00,DAL vs. GSW,L,8.466666666666667,0,3,0.0,0,0,0.0,0,0,0.0,2,0,2,0,0,0,0,0,1,1,0,-11,2.4,0,0,2.0,1,13060,13060,13060,23133,22732,20108,22732,12221,18442,12221,13946,14843,13946,3010,22443,15902,18531,16648,12237,7994,1,5176,12086,23374,22078,24211,2032,118,24184,1,8:28,,1610612742,DAL,Dallas,1626257,Salah Mejri,Salah,,,8.000000:28,61.5,64.7,133.2,122.2,-71.7,-57.5,0.0,0.0,0.0,0.111,0.0,0.1,0.0,0.0,0.0,0.115,0.116,97.51,99.21,82.68,17,-0.128,21.0
11,4348,4348,2016-17,1626257,Salah Mejri,Salah,1610612742,DAL,Dallas Mavericks,21601020,2017-03-17T00:00:00,DAL @ PHI,L,12.425,2,3,0.667,0,0,0.0,0,2,0.0,0,2,2,0,0,0,0,0,1,3,4,-10,6.4,0,0,6.0,1,13060,13060,13060,21446,15070,20108,2938,12221,18442,12221,13946,7939,13946,12923,13221,15902,18531,16648,12237,7994,1,5176,4543,18247,21453,21818,2032,118,21660,1,12:26,,1610612742,DAL,Dallas,1626257,Salah Mejri,Salah,,,12.000000:26,56.7,66.7,118.8,113.0,-62.1,-46.4,0.0,0.0,0.0,0.0,0.333,0.087,0.0,0.667,0.515,0.143,0.142,96.73,90.78,75.65,24,0.065,9.0
12,4689,4689,2016-17,1626257,Salah Mejri,Salah,1610612742,DAL,Dallas Mavericks,21601004,2017-03-15T00:00:00,DAL @ WAS,W,5.566666666666666,0,1,0.0,0,0,0.0,1,2,0.5,1,2,3,0,0,0,0,0,1,1,1,3,4.6,0,0,4.0,1,1,1,1,24177,22732,23566,22732,12221,18442,12221,10567,7939,10848,6171,13221,12475,18531,16648,12237,7994,1,5176,12086,23142,9094,22982,2032,118,22998,1,5:34,,1610612742,DAL,Dallas,1626257,Salah Mejri,Salah,,,5.000000:34,102.0,100.0,82.7,75.0,19.3,25.0,0.0,0.0,0.0,0.143,0.4,0.25,0.0,0.0,0.266,0.154,0.157,97.61,103.47,86.23,12,0.028,9.0
13,4962,4962,2016-17,1626257,Salah Mejri,Salah,1610612742,DAL,Dallas Mavericks,21600992,2017-03-13T00:00:00,DAL @ TOR,L,6.883333333333334,1,1,1.0,0,0,0.0,0,0,0.0,1,0,1,0,0,0,0,0,2,0,2,-6,3.2,0,0,3.0,1,13060,13060,13060,23659,18863,23566,1,12221,18442,12221,13946,14843,13946,6171,22443,19668,18531,16648,12237,7994,1,11770,18615,21017,18336,23684,2032,118,23632,1,6:53,,1610612742,DAL,Dallas,1626257,Salah Mejri,Salah,,,6.000000:53,92.6,91.7,156.3,141.7,-63.7,-50.0,0.0,0.0,0.0,0.143,0.0,0.091,0.0,1.0,1.0,0.077,0.078,79.36,83.68,69.73,12,0.023,5.0
14,5398,5398,2016-17,1626257,Salah Mejri,Salah,1610612742,DAL,Dallas Mavericks,21600982,2017-03-11T00:00:00,DAL vs. PHX,L,15.75,0,2,0.0,0,0,0.0,2,2,1.0,1,6,7,0,1,0,2,1,1,1,2,-3,15.4,0,0,13.0,1,13060,13060,13060,19299,22732,21916,22732,12221,18442,12221,6376,7939,1,6171,2949,3867,18531,8857,12237,816,17509,5176,12086,21017,15364,15107,2032,118,16174,1,15:45,,1610612742,DAL,Dallas,1626257,Salah Mejri,Salah,,,15.000000:45,92.4,87.9,99.8,100.0,-7.4,-12.1,0.0,0.0,0.0,0.067,0.316,0.206,25.0,0.0,0.347,0.108,0.113,96.73,99.05,82.54,33,0.109,18.0
15,5577,5577,2016-17,1626257,Salah Mejri,Salah,1610612742,DAL,Dallas Mavericks,21600971,2017-03-10T00:00:00,DAL vs. BKN,W,14.141666666666667,1,1,1.0,0,0,0.0,1,2,0.5,1,8,9,0,1,1,0,0,2,2,3,10,15.8,0,0,14.0,1,1,1,1,20394,18863,23566,1,12221,18442,12221,10567,7939,10848,6171,1320,2152,18531,8857,4652,7994,1,11770,7572,19886,4076,14814,2032,118,15341,1,14:09,,1610612742,DAL,Dallas,1626257,Salah Mejri,Salah,,,14.000000:09,121.0,126.7,92.1,93.3,28.9,33.3,0.0,0.0,0.0,0.091,0.533,0.346,33.3,1.0,0.798,0.094,0.093,104.88,101.83,84.86,30,0.153,18.0
16,5989,5989,2016-17,1626257,Salah Mejri,Salah,1610612742,DAL,Dallas Mavericks,21600947,2017-03-07T00:00:00,DAL vs. LAL,W,3.3833333333333333,0,0,0.0,0,0,0.0,0,0,0.0,0,1,1,0,0,0,0,0,0,0,0,6,1.2,0,0,1.0,1,1,1,1,25012,22732,25027,22732,12221,18442,12221,13946,14843,13946,12923,17700,19668,18531,16648,12237,7994,1,1,18615,23374,6692,24788,2032,118,24764,1,3:23,,1610612742,DAL,Dallas,1626257,Salah Mejri,Salah,,,3.000000:23,183.3,183.3,83.3,83.3,100.0,100.0,0.0,0.0,0.0,0.0,0.5,0.333,0.0,0.0,0.0,0.0,0.0,85.12,85.12,70.94,6,0.056,22.0
17,6361,6361,2016-17,1626257,Salah Mejri,Salah,1610612742,DAL,Dallas Mavericks,21600932,2017-03-05T00:00:00,DAL vs. OKC,W,10.416666666666666,1,2,0.5,0,0,0.0,0,0,0.0,0,2,2,0,1,0,2,0,1,0,2,5,9.4,0,0,8.0,1,1,1,1,22448,18863,21916,8149,12221,18442,12221,13946,14843,13946,12923,13221,15902,18531,8857,12237,816,1,5176,18615,21017,7423,19723,2032,118,20190,1,10:25,,1610612742,DAL,Dallas,1626257,Salah Mejri,Salah,,,10.000000:25,96.2,86.4,70.4,66.7,25.7,19.7,0.0,0.0,0.0,0.0,0.133,0.08,33.3,0.5,0.5,0.136,0.152,91.33,99.07,82.56,22,0.067,22.0
18,6687,6687,2016-17,1626257,Salah Mejri,Salah,1610612742,DAL,Dallas Mavericks,21600914,2017-03-03T00:00:00,DAL vs. MEM,W,10.233333333333333,2,2,1.0,0,0,0.0,0,0,0.0,1,2,3,0,2,0,1,0,4,0,4,-1,8.6,0,0,9.0,1,1,1,1,22519,15070,21916,1,12221,18442,12221,13946,14843,13946,6171,13221,12475,18531,4192,12237,2482,1,22341,18615,18247,13195,20369,2032,118,19424,1,10:14,,1610612742,DAL,Dallas,1626257,Salah Mejri,Salah,,,10.000000:14,118.8,120.0,129.4,131.6,-10.6,-11.6,0.0,0.0,0.0,0.167,0.25,0.214,50.0,1.0,1.0,0.19,0.189,92.69,91.47,76.22,20,0.023,21.0
19,6914,6914,2016-17,1626257,Salah Mejri,Salah,1610612742,DAL,Dallas Mavericks,21600897,2017-03-01T00:00:00,DAL @ ATL,L,12.783333333333331,0,0,0.0,0,0,0.0,1,2,0.5,1,2,3,0,1,3,2,0,2,1,1,9,18.6,0,0,14.0,1,13060,13060,13060,21231,22732,25027,22732,12221,18442,12221,10567,7939,10848,6171,13221,12475,18531,8857,414,816,1,11770,12086,23142,4644,12754,2032,118,15341,1,12:47,,1610612742,DAL,Dallas,1626257,Salah Mejri,Salah,,,12.000000:47,107.1,103.8,67.6,69.2,39.6,34.6,0.0,0.0,0.0,0.091,0.182,0.136,50.0,0.0,0.568,0.069,0.071,97.33,97.63,81.36,26,0.096,10.0
20,7252,7252,2016-17,1626257,Salah Mejri,Salah,1610612742,DAL,Dallas Mavericks,21600887,2017-02-27T00:00:00,DAL vs. MIA,W,2.55,0,1,0.0,0,0,0.0,0,0,0.0,3,1,4,1,0,0,0,0,0,0,0,7,6.3,0,0,5.0,1,1,1,1,25355,22732,23566,22732,12221,18442,12221,13946,14843,13946,1486,17700,9421,12386,16648,12237,7994,1,1,18615,23374,5966,21911,2032,118,22333,1,2:33,,1610612742,DAL,Dallas,1626257,Salah Mejri,Salah,,,2.000000:33,169.2,180.0,40.0,40.0,129.2,140.0,0.333,0.0,50.0,0.75,0.2,0.444,0.0,0.0,0.0,0.125,0.12,97.13,94.12,78.43,5,0.263,22.0
21,7580,7580,2016-17,1626257,Salah Mejri,Salah,1610612742,DAL,Dallas Mavericks,21600870,2017-02-25T00:00:00,DAL vs. NOP,W,5.583333333333333,0,0,0.0,0,0,0.0,0,0,0.0,0,0,0,0,1,0,0,0,6,1,0,5,-1.0,0,0,0.0,1,1,1,1,24171,22732,25027,22732,12221,18442,12221,13946,14843,13946,12923,22443,23356,18531,8857,12237,7994,1,25913,12086,23374,7423,26008,2032,118,25341,1,5:35,,1610612742,DAL,Dallas,1626257,Salah Mejri,Salah,,,5.000000:35,150.0,150.0,88.3,111.1,61.7,38.9,0.0,0.0,0.0,0.0,0.0,0.0,100.0,0.0,0.0,0.091,0.091,91.64,81.67,68.06,10,-0.538,21.0
22,7696,7696,2016-17,1626257,Salah Mejri,Salah,1610612742,DAL,Dallas Mavericks,21600862,2017-02-24T00:00:00,DAL @ MIN,L,19.366666666666667,2,4,0.5,0,0,0.0,1,2,0.5,1,6,7,0,1,1,2,1,5,1,5,-2,21.4,0,0,18.0,1,13060,13060,13060,16486,15070,18194,8149,12221,18442,12221,10567,7939,10848,6171,2949,3867,18531,8857,4652,816,17509,24842,12086,16895,14252,10790,2032,118,12279,1,19:22,,1610612742,DAL,Dallas,1626257,Salah Mejri,Salah,,,19.000000:22,92.5,91.9,103.3,94.7,-10.8,-2.8,0.0,0.0,0.0,0.059,0.333,0.2,16.7,0.5,0.512,0.146,0.151,88.73,92.94,77.45,37,0.083,6.0
23,8201,8201,2016-17,1626257,Salah Mejri,Salah,1610612742,DAL,Dallas Mavericks,21600839,2017-02-15T00:00:00,DAL @ DET,L,4.7,0,0,0.0,0,0,0.0,0,0,0.0,0,0,0,0,0,0,0,0,1,0,0,-11,0.0,0,0,0.0,1,13060,13060,13060,24492,22732,25027,22732,12221,18442,12221,13946,14843,13946,12923,22443,23356,18531,16648,12237,7994,1,5176,18615,23374,22078,25295,2032,118,25341,1,4:42,,1610612742,DAL,Dallas,1626257,Salah Mejri,Salah,,,4.000000:42,75.0,66.7,194.1,212.5,-119.1,-145.8,0.0,0.0,0.0,0.0,0.0,0.0,0.0,0.0,0.0,0.0,0.0,85.58,86.81,72.34,9,-0.051,9.0
24,8630,8630,2016-17,1626257,Salah Mejri,Salah,1610612742,DAL,Dallas Mavericks,21600826,2017-02-13T00:00:00,DAL vs. BOS,L,13.533333333333331,1,2,0.5,0,0,0.0,0,0,0.0,3,7,10,0,1,1,1,1,1,0,2,0,19.0,0,0,16.0,1,13060,13060,13060,20785,18863,21916,8149,12221,18442,12221,13946,14843,13946,1486,1966,1517,18531,8857,4652,2482,17509,5176,18615,21017,12096,12458,2032,118,13758,1,13:32,,1610612742,DAL,Dallas,1626257,Salah Mejri,Salah,,,13.000000:32,86.0,86.2,84.7,86.2,1.3,0.0,0.0,0.0,0.0,0.188,0.538,0.345,33.3,0.5,0.5,0.091,0.094,103.92,102.86,85.71,29,0.231,19.0
25,8894,8894,2016-17,1626257,Salah Mejri,Salah,1610612742,DAL,Dallas Mavericks,21600814,2017-02-11T00:00:00,DAL vs. ORL,W,19.43166666666667,2,3,0.667,0,0,0.0,0,0,0.0,4,11,15,1,1,1,2,0,5,1,4,21,31.5,0,0,26.0,1,1,1,1,16427,15070,20108,2938,12221,18442,12221,13946,14843,13946,748,306,273,12386,8857,4652,816,1,24842,12086,18247,821,5182,2032,118,7037,1,19:26,,1610612742,DAL,Dallas,1626257,Salah Mejri,Salah,,,19.000000:26,124.5,130.6,71.2,68.4,53.3,62.1,0.059,1.0,20.0,0.19,0.478,0.341,20.0,0.667,0.667,0.087,0.087,91.74,91.4,76.16,36,0.2,17.0
26,9171,9171,2016-17,1626257,Salah Mejri,Salah,1610612742,DAL,Dallas Mavericks,21600797,2017-02-09T00:00:00,DAL vs. UTA,W,14.841666666666669,3,4,0.75,0,0,0.0,0,0,0.0,1,1,2,0,0,1,3,0,0,0,6,2,20.4,0,0,16.0,1,1,1,1,19937,11660,18194,1897,12221,18442,12221,13946,14843,13946,6171,17700,15902,18531,16648,4652,269,1,1,18615,15401,10057,11478,2032,118,13758,1,14:51,,1610612742,DAL,Dallas,1626257,Salah Mejri,Salah,,,14.000000:51,104.9,100.0,91.1,93.1,13.8,6.9,0.0,0.0,0.0,0.071,0.056,0.063,0.0,0.75,0.75,0.125,0.131,92.63,93.79,78.16,29,0.2,20.0
27,9497,9497,2016-17,1626257,Salah Mejri,Salah,1610612742,DAL,Dallas Mavericks,21600781,2017-02-07T00:00:00,DAL vs. POR,L,15.15,2,2,1.0,0,0,0.0,2,2,1.0,1,4,5,0,0,0,3,0,3,1,6,0,21.0,0,0,17.0,1,13060,13060,13060,19708,15070,21916,1,12221,18442,12221,6376,7939,1,6171,6518,7038,18531,16648,12237,269,1,17848,12086,15401,12096,11069,2032,118,13020,1,15:09,,1610612742,DAL,Dallas,1626257,Salah Mejri,Salah,,,15.000000:09,113.2,109.7,109.1,106.3,4.1,3.4,0.0,0.0,0.0,0.067,0.2,0.143,0.0,1.0,1.042,0.094,0.097,96.95,99.8,83.17,31,0.194,17.0
28,9700,9700,2016-17,1626257,Salah Mejri,Salah,1610612742,DAL,Dallas Mavericks,21600776,2017-02-06T00:00:00,DAL @ DEN,L,6.85,1,1,1.0,0,0,0.0,0,0,0.0,0,1,1,0,1,0,0,0,0,0,2,-4,2.2,0,0,3.0,1,13060,13060,13060,23674,18863,23566,1,12221,18442,12221,13946,14843,13946,12923,17700,19668,18531,8857,12237,7994,1,1,18615,21017,16404,24310,2032,118,23632,1,6:51,,1610612742,DAL,Dallas,1626257,Salah Mejri,Salah,,,6.000000:51,87.4,86.7,107.1,113.3,-19.7,-26.7,0.0,0.0,0.0,0.0,0.125,0.071,50.0,1.0,1.0,0.133,0.134,107.77,105.11,87.59,15,0.073,6.0
29,10183,10183,2016-17,1626257,Salah Mejri,Salah,1610612742,DAL,Dallas Mavericks,21600754,2017-02-03T00:00:00,DAL @ POR,W,17.578333333333333,0,0,0.0,0,0,0.0,4,4,1.0,1,4,5,0,0,0,3,0,3,2,4,-4,19.0,0,0,15.0,1,1,1,1,17946,22732,25027,22732,12221,18442,12221,2830,4139,1,6171,6518,7038,18531,16648,12237,269,1,17848,7572,18247,16404,12458,2032,118,14533,1,17:35,,1610612742,DAL,Dallas,1626257,Salah Mejri,Salah,,,17.000000:35,97.2,94.3,104.5,105.7,-7.3,-11.4,0.0,0.0,0.0,0.053,0.2,0.128,0.0,0.0,1.136,0.056,0.057,94.7,95.57,79.64,35,0.143,6.0
30,10366,10366,2016-17,1626257,Salah Mejri,Salah,1610612742,DAL,Dallas Mavericks,21600736,2017-02-01T00:00:00,DAL vs. PHI,W,21.05,7,9,0.778,0,0,0.0,2,4,0.5,8,9,17,0,1,1,1,0,2,5,16,18,41.4,1,0,37.0,1,1,1,1,15075,3047,8880,1786,12221,18442,12221,6376,4139,10848,27,849,114,18531,8857,4652,2482,1,11770,1538,5021,1319,2144,1,118,2614,1,21:03,,1610612742,DAL,Dallas,1626257,Salah Mejri,Salah,,,21.000000:03,136.4,131.7,86.0,85.7,50.3,46.0,0.0,0.0,0.0,0.348,0.375,0.362,8.3,0.778,0.743,0.235,0.242,92.85,94.63,78.86,41,0.343,19.0
31,10764,10764,2016-17,1626257,Salah Mejri,Salah,1610612742,DAL,Dallas Mavericks,21600722,2017-01-30T00:00:00,DAL vs. CLE,W,1.8,0,0,0.0,0,0,0.0,0,0,0.0,0,0,0,0,0,0,0,0,0,0,0,-6,0.0,0,0,0.0,1,1,1,1,25674,22732,25027,22732,12221,18442,12221,13946,14843,13946,12923,22443,23356,18531,16648,12237,7994,1,1,18615,23374,18336,25295,2032,118,25341,1,1:48,,1610612742,DAL,Dallas,1626257,Salah Mejri,Salah,,,1.000000:48,51.5,50.0,206.2,200.0,-154.6,-150.0,0.0,0.0,0.0,0.0,0.0,0.0,0.0,0.0,0.0,0.0,0.0,103.47,106.67,88.89,4,0.0,17.0
32,10922,10922,2016-17,1626257,Salah Mejri,Salah,1610612742,DAL,Dallas Mavericks,21600717,2017-01-29T00:00:00,DAL @ SAS,W,7.683333333333334,0,0,0.0,0,0,0.0,0,0,0.0,0,0,0,0,0,0,0,0,1,1,0,-2,0.0,0,0,0.0,1,1,1,1,23426,22732,25027,22732,12221,18442,12221,13946,14843,13946,12923,22443,23356,18531,16648,12237,7994,1,5176,12086,23374,14252,25295,2032,118,25341,1,7:41,,1610612742,DAL,Dallas,1626257,Salah Mejri,Salah,,,7.000000:41,95.6,93.3,98.0,100.0,-2.4,-6.7,0.0,0.0,0.0,0.0,0.0,0.0,0.0,0.0,0.0,0.0,0.0,96.71,96.83,80.69,15,-0.056,10.0
33,11393,11393,2016-17,1626257,Salah Mejri,Salah,1610612742,DAL,Dallas Mavericks,21600690,2017-01-26T00:00:00,DAL @ OKC,L,16.72833333333333,1,2,0.5,0,0,0.0,1,2,0.5,3,3,6,0,1,0,0,0,5,2,3,-10,9.2,0,0,9.0,1,13060,13060,13060,18601,18863,21916,8149,12221,18442,12221,10567,7939,10848,1486,9449,5249,18531,8857,12237,7994,1,24842,7572,19886,21453,19878,2032,118,19424,1,16:44,,1610612742,DAL,Dallas,1626257,Salah Mejri,Salah,,,16.000000:44,100.7,103.1,122.9,126.5,-22.1,-23.3,0.0,0.0,0.0,0.158,0.273,0.2,25.0,0.5,0.521,0.105,0.106,97.21,94.69,78.91,32,-0.009,7.0
34,11996,11996,2016-17,1626257,Salah Mejri,Salah,1610612742,DAL,Dallas Mavericks,21600662,2017-01-22T00:00:00,DAL vs. LAL,W,15.026666666666667,0,1,0.0,0,0,0.0,2,2,1.0,1,4,5,0,2,0,2,0,3,1,2,5,12.0,0,0,11.0,1,1,1,1,19799,22732,23566,22732,12221,18442,12221,6376,7939,1,6171,6518,7038,18531,4192,12237,816,1,17848,12086,21017,7423,17808,2032,118,17859,1,15:02,,1610612742,DAL,Dallas,1626257,Salah Mejri,Salah,,,15.000000:02,156.0,148.1,131.4,129.6,24.6,18.5,0.0,0.0,0.0,0.077,0.364,0.208,50.0,0.0,0.532,0.121,0.126,83.5,86.25,71.87,27,0.021,18.0
35,12309,12309,2016-17,1626257,Salah Mejri,Salah,1610612742,DAL,Dallas Mavericks,21600648,2017-01-20T00:00:00,DAL vs. UTA,L,11.88,0,1,0.0,0,0,0.0,0,0,0.0,1,1,2,0,0,1,1,0,2,1,0,0,8.4,0,0,6.0,1,13060,13060,13060,21816,22732,23566,22732,12221,18442,12221,13946,14843,13946,6171,17700,15902,18531,16648,4652,2482,1,11770,12086,23374,12096,20510,2032,118,21660,1,11:53,,1610612742,DAL,Dallas,1626257,Salah Mejri,Salah,,,11.000000:53,104.4,104.8,94.8,95.7,9.5,9.1,0.0,0.0,0.0,0.1,0.083,0.091,0.0,0.0,0.0,0.043,0.045,89.45,88.89,74.07,21,0.0,18.0
36,12471,12471,2016-17,1626257,Salah Mejri,Salah,1610612742,DAL,Dallas Mavericks,21600637,2017-01-19T00:00:00,DAL @ MIA,L,19.326666666666668,2,2,1.0,0,0,0.0,0,0,0.0,0,3,3,0,2,1,1,0,2,2,4,-3,11.6,0,0,11.0,1,13060,13060,13060,16526,15070,21916,1,12221,18442,12221,13946,14843,13946,12923,9449,12475,18531,4192,4652,2482,1,11770,7572,18247,15364,18117,2032,118,17859,1,19:20,,1610612742,DAL,Dallas,1626257,Salah Mejri,Salah,,,19.000000:20,104.9,105.9,104.3,114.7,0.6,-8.8,0.0,0.0,0.0,0.0,0.188,0.094,50.0,1.0,1.0,0.111,0.113,89.06,84.44,70.37,34,0.076,5.0
37,12807,12807,2016-17,1626257,Salah Mejri,Salah,1610612742,DAL,Dallas Mavericks,21600624,2017-01-17T00:00:00,DAL @ CHI,W,18.645,1,2,0.5,0,0,0.0,1,2,0.5,3,2,5,1,1,0,0,1,5,2,3,1,9.5,0,0,9.0,1,1,1,1,17068,18863,21916,8149,12221,18442,12221,10567,7939,10848,1486,13221,7038,12386,8857,12237,7994,17509,24842,7572,19886,11093,19668,2032,118,19424,1,18:39,,1610612742,DAL,Dallas,1626257,Salah Mejri,Salah,,,18.000000:39,103.7,100.0,96.6,97.1,7.1,2.9,0.071,1.0,20.0,0.176,0.111,0.143,20.0,0.5,0.521,0.105,0.109,88.77,90.1,75.09,35,-0.009,5.0
38,13122,13122,2016-17,1626257,Salah Mejri,Salah,1610612742,DAL,Dallas Mavericks,21600608,2017-01-15T00:00:00,DAL vs. MIN,W,18.425,2,3,0.667,0,0,0.0,0,0,0.0,3,5,8,0,1,0,1,0,5,1,4,2,15.6,0,0,14.0,1,1,1,1,17249,15070,20108,2938,12221,18442,12221,13946,14843,13946,1486,4395,2879,18531,8857,12237,2482,1,24842,12086,18247,10057,14964,2032,118,15341,1,18:26,,1610612742,DAL,Dallas,1626257,Salah Mejri,Salah,,,18.000000:26,111.6,105.3,107.3,105.6,4.3,-0.3,0.0,0.0,0.0,0.158,0.333,0.235,25.0,0.667,0.667,0.093,0.1,92.8,96.39,80.33,38,0.065,18.0
39,13517,13517,2016-17,1626257,Salah Mejri,Salah,1610612742,DAL,Dallas Mavericks,21600591,2017-01-12T00:00:00,DAL @ PHX,W,16.216666666666665,2,2,1.0,0,0,0.0,0,0,0.0,2,5,7,0,1,2,2,0,3,1,4,2,23.4,0,0,19.0,1,1,1,1,18930,15070,21916,1,12221,18442,12221,13946,14843,13946,3010,4395,3867,18531,8857,1493,816,1,17848,12086,18247,10057,9514,2032,118,11528,1,16:13,,1610612742,DAL,Dallas,1626257,Salah Mejri,Salah,,,16.000000:13,106.0,106.7,96.5,100.0,9.4,6.7,0.0,0.0,0.0,0.143,0.357,0.25,33.3,1.0,1.0,0.091,0.093,90.69,88.8,74.0,30,0.209,5.0
40,13983,13983,2016-17,1626257,Salah Mejri,Salah,1610612742,DAL,Dallas Mavericks,21600570,2017-01-09T00:00:00,DAL @ MIN,L,10.133333333333333,1,2,0.5,0,0,0.0,0,0,0.0,0,3,3,0,0,0,0,0,2,1,2,0,5.6,0,0,5.0,1,13060,13060,13060,22559,18863,21916,8149,12221,18442,12221,13946,14843,13946,12923,9449,12475,18531,16648,12237,7994,1,11770,12086,21017,12096,22322,2032,118,22333,1,10:08,,1610612742,DAL,Dallas,1626257,Salah Mejri,Salah,,,10.000000:08,100.0,90.0,100.7,90.0,-0.7,0.0,0.0,0.0,0.0,0.0,0.3,0.15,0.0,0.5,0.5,0.1,0.111,84.98,94.74,78.95,20,0.057,11.0
41,14276,14276,2016-17,1626257,Salah Mejri,Salah,1610612742,DAL,Dallas Mavericks,21600557,2017-01-07T00:00:00,DAL vs. ATL,L,2.3333333333333335,0,0,0.0,0,0,0.0,0,0,0.0,0,1,1,0,0,0,0,0,0,0,0,-2,1.2,0,0,1.0,1,13060,13060,13060,25456,22732,25027,22732,12221,18442,12221,13946,14843,13946,12923,17700,19668,18531,16648,12237,7994,1,1,18615,23374,14252,24788,2032,118,24764,1,2:20,,1610612742,DAL,Dallas,1626257,Salah Mejri,Salah,,,2.000000:20,60.0,60.0,100.0,83.3,-40.0,-23.3,0.0,0.0,0.0,0.0,1.0,0.333,0.0,0.0,0.0,0.0,0.0,102.86,113.14,94.29,5,0.1,24.0
42,14925,14925,2016-17,1626257,Salah Mejri,Salah,1610612742,DAL,Dallas Mavericks,21600524,2017-01-03T00:00:00,DAL vs. WAS,W,3.8666666666666663,0,0,0.0,0,0,0.0,0,0,0.0,0,1,1,0,0,0,0,0,1,0,0,-2,1.2,0,0,1.0,1,1,1,1,24832,22732,25027,22732,12221,18442,12221,13946,14843,13946,12923,17700,19668,18531,16648,12237,7994,1,5176,18615,23374,14252,24788,2032,118,24764,1,3:52,,1610612742,DAL,Dallas,1626257,Salah Mejri,Salah,,,3.000000:52,75.0,75.0,94.8,100.0,-19.8,-25.0,0.0,0.0,0.0,0.0,0.2,0.1,0.0,0.0,0.0,0.0,0.0,102.04,99.31,82.76,8,0.0,24.0
43,15468,15468,2016-17,1626257,Salah Mejri,Salah,1610612742,DAL,Dallas Mavericks,21600501,2016-12-30T00:00:00,DAL @ GSW,L,3.05,0,0,0.0,0,0,0.0,0,0,0.0,1,1,2,0,1,0,0,0,0,0,0,-6,1.4,0,0,2.0,1,13060,13060,13060,25149,22732,25027,22732,12221,18442,12221,13946,14843,13946,6171,17700,15902,18531,8857,12237,7994,1,1,18615,23374,18336,24757,2032,118,24184,1,3:03,,1610612742,DAL,Dallas,1626257,Salah Mejri,Salah,,,3.000000:03,46.6,42.9,153.1,150.0,-106.5,-107.1,0.0,0.0,0.0,0.25,1.0,0.4,100.0,0.0,0.0,0.125,0.134,96.94,102.3,85.25,7,0.05,9.0
44,15665,15665,2016-17,1626257,Salah Mejri,Salah,1610612742,DAL,Dallas Mavericks,21600491,2016-12-29T00:00:00,DAL @ LAL,W,12.0,2,2,1.0,0,0,0.0,0,0,0.0,3,3,6,0,0,0,1,0,0,0,4,1,14.2,0,0,12.0,1,1,1,1,21657,15070,21916,1,12221,18442,12221,13946,14843,13946,1486,9449,5249,18531,16648,12237,2482,1,1,18615,18247,11093,16067,2032,118,17016,1,12:00,,1610612742,DAL,Dallas,1626257,Salah Mejri,Salah,,,12.000000:00,92.4,90.9,93.1,90.5,-0.7,0.4,0.0,0.0,0.0,0.3,0.333,0.316,0.0,1.0,1.0,0.077,0.081,84.08,86.0,71.67,22,0.409,9.0
45,15985,15985,2016-17,1626257,Salah Mejri,Salah,1610612742,DAL,Dallas Mavericks,21600474,2016-12-27T00:00:00,DAL vs. HOU,L,5.133333333333334,0,0,0.0,0,0,0.0,0,0,0.0,2,2,4,0,1,0,1,0,3,0,0,-5,6.8,0,0,6.0,1,13060,13060,13060,24338,22732,25027,22732,12221,18442,12221,13946,14843,13946,3010,13221,9421,18531,8857,12237,2482,1,17848,18615,23374,17379,21582,2032,118,21660,1,5:08,,1610612742,DAL,Dallas,1626257,Salah Mejri,Salah,,,5.000000:08,105.9,111.1,130.2,150.0,-24.3,-38.9,0.0,0.0,0.0,0.4,0.333,0.364,100.0,0.0,0.0,0.091,0.087,97.99,88.83,74.03,9,-0.029,23.0
46,16172,16172,2016-17,1626257,Salah Mejri,Salah,1610612742,DAL,Dallas Mavericks,21600466,2016-12-26T00:00:00,DAL @ NOP,L,15.916666666666666,0,0,0.0,0,0,0.0,0,0,0.0,0,5,5,0,0,1,0,0,4,1,0,5,9.0,0,0,7.0,1,13060,13060,13060,19164,22732,25027,22732,12221,18442,12221,13946,14843,13946,12923,4395,7038,18531,16648,4652,7994,1,22341,12086,23374,7423,20047,2032,118,20990,1,15:55,,1610612742,DAL,Dallas,1626257,Salah Mejri,Salah,,,15.000000:55,131.6,130.0,120.7,113.3,10.8,16.7,0.0,0.0,0.0,0.0,0.556,0.25,0.0,0.0,0.0,0.0,0.0,87.15,90.47,75.39,30,0.032,9.0
47,16429,16429,2016-17,1626257,Salah Mejri,Salah,1610612742,DAL,Dallas Mavericks,21600455,2016-12-23T00:00:00,DAL @ LAC,W,21.188333333333333,1,1,1.0,0,0,0.0,3,5,0.6,5,3,8,1,1,0,1,0,0,6,5,-12,18.1,0,0,16.0,1,1,1,1,14970,18863,23566,1,12221,18442,12221,4456,3156,10534,345,9449,2879,12386,8857,12237,2482,1,1,884,16895,22647,13127,2032,118,13758,1,21:11,,1610612742,DAL,Dallas,1626257,Salah Mejri,Salah,,,21.000000:11,82.9,81.1,109.6,110.5,-26.7,-29.4,0.083,1.0,20.0,0.217,0.15,0.186,20.0,1.0,0.781,0.091,0.095,84.41,84.95,70.79,37,0.145,7.0
48,16853,16853,2016-17,1626257,Salah Mejri,Salah,1610612742,DAL,Dallas Mavericks,21600436,2016-12-21T00:00:00,DAL @ POR,W,24.255,1,1,1.0,0,0,0.0,0,0,0.0,1,5,6,1,1,1,3,0,5,1,2,7,21.7,0,0,17.0,1,1,1,1,12369,18863,23566,1,12221,18442,12221,13946,14843,13946,6171,4395,5249,12386,8857,4652,269,1,24842,12086,21017,5966,10608,2032,118,13020,1,24:15,,1610612742,DAL,Dallas,1626257,Salah Mejri,Salah,C,,24.000000:15,115.0,115.6,97.7,95.7,17.3,19.8,0.048,1.0,33.3,0.05,0.217,0.14,33.3,1.0,1.0,0.041,0.041,90.28,91.03,75.86,45,0.06,2.0
49,17205,17205,2016-17,1626257,Salah Mejri,Salah,1610612742,DAL,Dallas Mavericks,21600417,2016-12-19T00:00:00,DAL @ DEN,L,13.2,1,1,1.0,0,0,0.0,0,1,0.0,0,2,2,0,0,0,0,0,4,1,2,-12,4.4,0,0,4.0,1,13060,13060,13060,20993,18863,23566,1,12221,18442,12221,13946,13324,13946,12923,13221,15902,18531,16648,12237,7994,1,22341,12086,21017,22647,23086,2032,118,22998,1,13:12,,1610612742,DAL,Dallas,1626257,Salah Mejri,Salah,C,,13.000000:12,112.6,111.5,145.4,146.4,-32.8,-34.9,0.0,0.0,0.0,0.0,0.25,0.1,0.0,1.0,0.694,0.037,0.037,98.11,98.18,81.82,26,-0.015,2.0
50,17384,17384,2016-17,1626257,Salah Mejri,Salah,1610612742,DAL,Dallas Mavericks,21600411,2016-12-18T00:00:00,DAL vs. SAC,W,23.25,0,0,0.0,0,0,0.0,0,0,0.0,1,6,7,0,0,0,3,0,1,2,0,5,17.4,0,0,13.0,1,1,1,1,13243,22732,25027,22732,12221,18442,12221,13946,14843,13946,6171,2949,3867,18531,16648,12237,269,1,5176,7572,23374,7423,13660,2032,118,16174,1,23:15,,1610612742,DAL,Dallas,1626257,Salah Mejri,Salah,C,,23.000000:15,111.2,106.8,93.2,95.5,18.0,11.4,0.0,0.0,0.0,0.056,0.273,0.175,0.0,0.0,0.0,0.0,0.0,90.18,90.84,75.7,44,0.089,15.0
51,17587,17587,2016-17,1626257,Salah Mejri,Salah,1610612742,DAL,Dallas Mavericks,21600398,2016-12-16T00:00:00,DAL @ UTA,L,21.216666666666665,3,3,1.0,0,0,0.0,1,1,1.0,2,3,5,1,0,0,0,0,5,5,7,3,14.5,0,0,13.0,1,13060,13060,13060,14944,11660,20108,1,12221,18442,12221,10567,13324,1,3010,9449,7038,12386,16648,12237,7994,1,24842,1538,14235,9094,15869,2032,118,16174,1,21:13,,1610612742,DAL,Dallas,1626257,Salah Mejri,Salah,C,,21.000000:13,108.0,105.1,98.1,97.4,9.9,7.7,0.091,0.0,25.0,0.105,0.231,0.156,0.0,1.0,1.017,0.071,0.073,86.74,88.23,73.53,39,0.128,2.0
52,17906,17906,2016-17,1626257,Salah Mejri,Salah,1610612742,DAL,Dallas Mavericks,21600381,2016-12-14T00:00:00,DAL vs. DET,L,26.866666666666667,2,4,0.5,0,0,0.0,0,0,0.0,1,7,8,0,2,2,3,0,3,3,4,6,26.6,0,0,22.0,1,13060,13060,13060,10101,15070,18194,8149,12221,18442,12221,13946,14843,13946,6171,1966,2879,18531,4192,1493,269,1,17848,4543,18247,6692,7618,2032,118,9404,1,26:52,,1610612742,DAL,Dallas,1626257,Salah Mejri,Salah,C,,26.000000:52,90.3,87.8,75.4,78.7,14.9,9.0,0.0,0.0,0.0,0.037,0.318,0.163,33.3,0.5,0.5,0.109,0.114,86.4,85.76,71.46,49,0.137,14.0
53,18393,18393,2016-17,1626257,Salah Mejri,Salah,1610612742,DAL,Dallas Mavericks,21600365,2016-12-12T00:00:00,DAL vs. DEN,W,22.15,3,3,1.0,0,0,0.0,1,2,0.5,4,4,8,1,1,1,4,0,2,2,7,15,32.1,0,0,26.0,1,1,1,1,14191,11660,20108,1,12221,18442,12221,10567,7939,10848,748,6518,2879,12386,8857,4652,82,1,11770,7572,14235,2108,4924,2032,118,7037,1,22:09,,1610612742,DAL,Dallas,1626257,Salah Mejri,Salah,C,,22.000000:09,121.7,122.0,82.1,85.4,39.6,36.6,0.056,1.0,16.7,0.211,0.182,0.195,16.7,1.0,0.902,0.109,0.109,90.71,88.85,74.04,41,0.168,15.0
54,18537,18537,2016-17,1626257,Salah Mejri,Salah,1610612742,DAL,Dallas Mavericks,21600352,2016-12-10T00:00:00,DAL @ HOU,L,11.5,0,1,0.0,0,0,0.0,0,0,0.0,1,2,3,0,1,1,1,0,3,1,0,-12,8.6,0,0,7.0,1,13060,13060,13060,22000,22732,23566,22732,12221,18442,12221,13946,14843,13946,6171,13221,12475,18531,8857,4652,2482,1,17848,12086,23374,22647,20369,2032,118,20990,1,11:30,,1610612742,DAL,Dallas,1626257,Salah Mejri,Salah,C,,11.000000:30,78.1,77.3,122.7,131.8,-44.5,-54.5,0.0,0.0,0.0,0.067,0.2,0.12,50.0,0.0,0.0,0.087,0.088,94.75,91.83,76.52,22,-0.027,2.0
55,18847,18847,2016-17,1626257,Salah Mejri,Salah,1610612742,DAL,Dallas Mavericks,21600343,2016-12-09T00:00:00,DAL vs. IND,W,26.933333333333337,3,4,0.75,0,0,0.0,0,0,0.0,1,4,5,0,0,4,1,1,0,0,6,17,27.0,0,0,21.0,1,1,1,1,10042,11660,18194,1897,12221,18442,12221,13946,14843,13946,6171,6518,7038,18531,16648,118,2482,17509,1,18615,15401,1547,7399,2032,118,10056,1,26:56,,1610612742,DAL,Dallas,1626257,Salah Mejri,Salah,C,,26.000000:56,121.1,123.1,96.0,92.2,25.1,30.9,0.0,0.0,0.0,0.043,0.19,0.114,0.0,0.75,0.75,0.071,0.072,90.71,91.78,76.49,52,0.141,15.0
56,19101,19101,2016-17,1626257,Salah Mejri,Salah,1610612742,DAL,Dallas Mavericks,21600328,2016-12-07T00:00:00,DAL vs. SAC,L,11.25,1,3,0.333,0,0,0.0,0,0,0.0,3,4,7,0,1,0,0,0,4,1,2,-6,9.4,0,0,9.0,1,13060,13060,13060,22118,18863,20108,16811,12221,18442,12221,13946,14843,13946,1486,6518,3867,18531,8857,12237,7994,1,22341,12086,21017,18336,19723,2032,118,19424,1,11:15,,1610612742,DAL,Dallas,1626257,Salah Mejri,Salah,C,,11.000000:15,93.3,95.2,122.6,113.0,-29.4,-17.8,0.0,0.0,0.0,0.273,0.333,0.304,25.0,0.333,0.333,0.167,0.164,90.97,93.87,78.22,21,0.015,14.0
57,19495,19495,2016-17,1626257,Salah Mejri,Salah,1610612742,DAL,Dallas Mavericks,21600312,2016-12-05T00:00:00,DAL vs. CHA,L,7.883333333333334,0,0,0.0,0,0,0.0,0,0,0.0,0,1,1,1,2,0,0,0,2,0,0,-1,0.7,0,0,2.0,1,13060,13060,13060,23339,22732,25027,22732,12221,18442,12221,13946,14843,13946,12923,17700,19668,12386,4192,12237,7994,1,11770,18615,23374,13195,25166,2032,118,24184,1,7:53,,1610612742,DAL,Dallas,1626257,Salah Mejri,Salah,,,7.000000:53,91.9,88.2,101.5,100.0,-9.6,-11.8,0.2,0.5,33.3,0.0,0.143,0.067,66.7,0.0,0.0,0.118,0.123,97.66,100.47,83.72,17,-0.095,22.0
58,19808,19808,2016-17,1626257,Salah Mejri,Salah,1610612742,DAL,Dallas Mavericks,21600296,2016-12-03T00:00:00,DAL vs. CHI,W,2.6066666666666665,0,2,0.0,0,2,0.0,0,0,0.0,1,1,2,0,0,0,0,0,0,0,0,5,2.4,0,0,2.0,1,1,1,1,25336,22732,21916,22732,12221,10977,12221,13946,14843,13946,6171,17700,15902,18531,16648,12237,7994,1,1,18615,23374,7423,24211,2032,118,24184,1,2:36,,1610612742,DAL,Dallas,1626257,Salah Mejri,Salah,,,2.000000:36,128.9,83.3,0.0,0.0,128.9,83.3,0.0,0.0,0.0,0.25,0.25,0.25,0.0,0.0,0.0,0.222,0.291,72.55,101.28,84.4,6,-0.25,22.0
59,20157,20157,2016-17,1626257,Salah Mejri,Salah,1610612742,DAL,Dallas Mavericks,21600276,2016-12-01T00:00:00,DAL @ CHA,L,27.333333333333332,1,4,0.25,0,0,0.0,1,2,0.5,5,6,11,0,2,1,1,1,5,3,3,-13,20.2,0,0,18.0,1,13060,13060,13060,9707,18863,18194,20034,12221,18442,12221,10567,7939,10848,345,2949,1084,18531,4192,4652,2482,17509,24842,4543,19886,23187,11612,2032,118,12279,1,27:20,,1610612742,DAL,Dallas,1626257,Salah Mejri,Salah,C,,27.000000:20,70.6,70.4,97.4,96.2,-26.8,-25.9,0.0,0.0,0.0,0.156,0.24,0.193,28.6,0.25,0.307,0.117,0.119,93.25,93.95,78.29,54,0.038,2.0
60,20269,20269,2016-17,1626257,Salah Mejri,Salah,1610612742,DAL,Dallas Mavericks,21600272,2016-11-30T00:00:00,DAL vs. SAS,L,5.783333333333333,0,0,0.0,0,0,0.0,0,0,0.0,0,1,1,0,0,0,0,0,1,0,0,-5,1.2,0,0,1.0,1,13060,13060,13060,24082,22732,25027,22732,12221,18442,12221,13946,14843,13946,12923,17700,19668,18531,16648,12237,7994,1,5176,18615,23374,17379,24788,2032,118,24764,1,5:47,,1610612742,DAL,Dallas,1626257,Salah Mejri,Salah,,,5.000000:47,55.1,60.0,125.6,122.2,-70.4,-62.2,0.0,0.0,0.0,0.0,0.167,0.071,0.0,0.0,0.0,0.0,0.0,81.5,78.85,65.71,10,0.0,22.0
61,21119,21119,2016-17,1626257,Salah Mejri,Salah,1610612742,DAL,Dallas Mavericks,21600227,2016-11-25T00:00:00,DAL @ CLE,L,6.183333333333334,0,1,0.0,0,0,0.0,0,0,0.0,0,1,1,1,0,0,2,0,0,0,0,-14,8.7,0,0,6.0,1,13060,13060,13060,23918,22732,23566,22732,12221,18442,12221,13946,14843,13946,12923,17700,19668,12386,16648,12237,816,1,1,18615,23374,23643,20277,2032,118,21660,1,6:11,,1610612742,DAL,Dallas,1626257,Salah Mejri,Salah,,,6.000000:11,66.7,66.7,166.7,183.3,-100.0,-116.7,0.333,0.0,50.0,0.0,0.167,0.071,0.0,0.0,0.0,0.083,0.083,97.81,93.15,77.63,12,0.07,6.0
62,21386,21386,2016-17,1626257,Salah Mejri,Salah,1610612742,DAL,Dallas Mavericks,21600220,2016-11-23T00:00:00,DAL vs. LAC,L,4.9366666666666665,0,1,0.0,0,0,0.0,1,2,0.5,2,1,3,1,0,1,0,0,2,1,1,3,9.1,0,0,7.0,1,13060,13060,13060,24395,22732,23566,22732,12221,18442,12221,10567,7939,10848,3010,17700,12475,12386,16648,4652,7994,1,11770,12086,23142,9094,19991,2032,118,20990,1,4:56,,1610612742,DAL,Dallas,1626257,Salah Mejri,Salah,,,4.000000:56,141.0,136.4,110.3,109.1,30.7,27.3,0.25,0.0,33.3,0.286,0.2,0.25,0.0,0.0,0.266,0.154,0.158,104.62,106.95,89.13,11,0.044,20.0
63,21653,21653,2016-17,1626257,Salah Mejri,Salah,1610612742,DAL,Dallas Mavericks,21600206,2016-11-21T00:00:00,DAL @ SAS,L,32.016666666666666,4,5,0.8,0,0,0.0,0,0,0.0,1,10,11,1,2,4,1,0,5,2,8,-2,35.7,0,0,30.0,1,13060,13060,13060,5723,8702,16180,1494,12221,18442,12221,13946,14843,13946,6171,526,1084,12386,4192,118,2482,1,24842,7572,12666,14252,3644,2032,118,5052,1,32:01,,1610612742,DAL,Dallas,1626257,Salah Mejri,Salah,C,,32.000000:01,96.4,95.1,96.9,96.8,-0.5,-1.7,0.056,0.5,12.5,0.037,0.333,0.193,25.0,0.8,0.8,0.106,0.107,91.51,92.2,76.83,61,0.178,2.0
64,22024,22024,2016-17,1626257,Salah Mejri,Salah,1610612742,DAL,Dallas Mavericks,21600187,2016-11-19T00:00:00,DAL @ ORL,L,1.65,0,0,0.0,0,0,0.0,0,0,0.0,0,0,0,0,0,0,0,0,1,0,0,-6,0.0,0,0,0.0,1,13060,13060,13060,25720,22732,25027,22732,12221,18442,12221,13946,14843,13946,12923,22443,23356,18531,16648,12237,7994,1,5176,18615,23374,18336,25295,2032,118,25341,1,1:39,,1610612742,DAL,Dallas,1626257,Salah Mejri,Salah,,,1.000000:39,106.4,100.0,277.8,266.7,-171.4,-166.7,0.0,0.0,0.0,0.0,0.0,0.0,0.0,0.0,0.0,0.0,0.0,69.24,72.73,60.61,2,-0.105,9.0
65,22245,22245,2016-17,1626257,Salah Mejri,Salah,1610612742,DAL,Dallas Mavericks,21600180,2016-11-18T00:00:00,DAL vs. MEM,L,11.35,0,1,0.0,0,0,0.0,0,2,0.0,1,2,3,0,0,0,1,0,1,1,0,0,6.6,0,0,5.0,1,13060,13060,13060,22080,22732,23566,22732,12221,18442,12221,13946,7939,13946,6171,13221,12475,18531,16648,12237,2482,1,5176,12086,23374,12096,21710,2032,118,22333,1,11:21,,1610612742,DAL,Dallas,1626257,Salah Mejri,Salah,,,11.000000:21,83.6,81.8,90.5,85.7,-6.9,-3.9,0.0,0.0,0.0,0.091,0.167,0.13,0.0,0.0,0.0,0.083,0.085,87.54,90.93,75.77,22,-0.043,22.0
66,22885,22885,2016-17,1626257,Salah Mejri,Salah,1610612742,DAL,Dallas Mavericks,21600146,2016-11-14T00:00:00,DAL @ NYK,L,10.633333333333333,0,0,0.0,0,0,0.0,2,2,1.0,0,0,0,0,0,0,2,0,1,1,2,-3,8.0,0,0,6.0,1,13060,13060,13060,22375,22732,25027,22732,12221,18442,12221,6376,7939,1,12923,22443,23356,18531,16648,12237,816,1,5176,12086,21017,15364,20818,2032,118,21660,1,10:38,,1610612742,DAL,Dallas,1626257,Salah Mejri,Salah,,,10.000000:38,86.0,89.5,111.1,111.1,-25.1,-21.6,0.0,0.0,0.0,0.0,0.0,0.0,0.0,0.0,1.136,0.048,0.051,85.23,83.51,69.59,19,0.062,8.0
67,23731,23731,2016-17,1626257,Salah Mejri,Salah,1610612742,DAL,Dallas Mavericks,21600116,2016-11-09T00:00:00,DAL @ GSW,L,14.4,2,2,1.0,0,0,0.0,1,1,1.0,0,5,5,0,0,0,0,0,2,1,5,-14,11.0,0,0,10.0,1,13060,13060,13060,20235,15070,21916,1,12221,18442,12221,10567,13324,1,12923,4395,7038,18531,16648,12237,7994,1,11770,12086,16895,23643,18582,2032,118,18660,1,14:24,,1610612742,DAL,Dallas,1626257,Salah Mejri,Salah,,,14.000000:24,84.2,85.2,136.6,137.0,-52.4,-51.9,0.0,0.0,0.0,0.0,0.455,0.2,0.0,1.0,1.025,0.069,0.068,90.67,90.0,75.0,27,0.136,5.0
68,24144,24144,2016-17,1626257,Salah Mejri,Salah,1610612742,DAL,Dallas Mavericks,21600090,2016-11-06T00:00:00,DAL vs. MIL,W,13.033333333333331,2,4,0.5,0,0,0.0,0,0,0.0,1,5,6,1,2,1,1,1,4,3,4,4,16.7,0,0,15.0,1,1,1,1,21079,15070,18194,8149,12221,18442,12221,13946,14843,13946,6171,4395,5249,12386,4192,4652,2482,17509,22341,4543,18247,8241,14148,2032,118,14533,1,13:02,,1610612742,DAL,Dallas,1626257,Salah Mejri,Salah,,,13.000000:02,77.8,77.8,67.1,65.4,10.6,12.4,0.143,0.5,14.3,0.071,0.417,0.231,28.6,0.5,0.5,0.207,0.207,96.34,97.6,81.33,27,0.167,21.0
69,24549,24549,2016-17,1626257,Salah Mejri,Salah,1610612742,DAL,Dallas Mavericks,21600076,2016-11-04T00:00:00,DAL vs. POR,L,12.865,4,4,1.0,0,0,0.0,0,0,0.0,0,6,6,0,0,0,0,0,3,0,8,1,15.2,0,0,14.0,1,13060,13060,13060,21191,8702,18194,1,12221,18442,12221,13946,14843,13946,12923,2949,5249,18531,16648,12237,7994,1,17848,18615,12666,11093,15262,2032,118,15341,1,12:52,,1610612742,DAL,Dallas,1626257,Salah Mejri,Salah,,,12.000000:52,88.6,85.7,85.9,85.2,2.7,0.5,0.0,0.0,0.0,0.0,0.429,0.222,0.0,1.0,1.0,0.129,0.138,100.44,102.6,85.5,28,0.361,22.0
70,24816,24816,2016-17,1626257,Salah Mejri,Salah,1610612742,DAL,Dallas Mavericks,21600062,2016-11-02T00:00:00,DAL @ UTA,L,5.366666666666666,0,0,0.0,0,0,0.0,0,0,0.0,0,1,1,0,0,0,1,0,3,0,0,3,4.2,0,0,3.0,1,13060,13060,13060,24246,22732,25027,22732,12221,18442,12221,13946,14843,13946,12923,17700,19668,18531,16648,12237,2482,1,17848,18615,23374,9094,23199,2032,118,23632,1,5:22,,1610612742,DAL,Dallas,1626257,Salah Mejri,Salah,,,5.000000:22,77.8,70.0,36.4,40.0,41.4,30.0,0.0,0.0,0.0,0.0,0.125,0.071,0.0,0.0,0.0,0.0,0.0,89.44,89.44,74.53,10,-0.333,7.0
71,25288,25288,2016-17,1626257,Salah Mejri,Salah,1610612742,DAL,Dallas Mavericks,21600041,2016-10-30T00:00:00,DAL @ HOU,L,16.733333333333334,3,3,1.0,0,0,0.0,0,0,0.0,5,2,7,0,1,0,2,0,3,1,6,-12,19.4,0,0,17.0,1,13060,13060,13060,18587,11660,20108,1,12221,18442,12221,13946,14843,13946,345,13221,3867,18531,8857,12237,816,1,17848,12086,15401,22647,12157,2032,118,13020,1,16:44,,1610612742,DAL,Dallas,1626257,Salah Mejri,Salah,,,16.000000:44,91.1,90.0,117.9,130.0,-26.8,-40.0,0.0,0.0,0.0,0.25,0.143,0.206,25.0,1.0,1.0,0.108,0.112,89.96,86.06,71.71,30,0.156,6.0
72,25643,25643,2016-17,1626257,Salah Mejri,Salah,1610612742,DAL,Dallas Mavericks,21600023,2016-10-28T00:00:00,DAL vs. HOU,L,1.4333333333333331,1,1,1.0,0,0,0.0,0,0,0.0,0,0,0,0,0,0,0,0,0,0,2,6,2.0,0,0,2.0,1,13060,13060,13060,25811,18863,23566,1,12221,18442,12221,13946,14843,13946,12923,22443,23356,18531,16648,12237,7994,1,1,18615,21017,6692,24386,2032,118,24184,1,1:26,,1610612742,DAL,Dallas,1626257,Salah Mejri,Salah,,,1.000000:26,241.0,266.7,66.7,66.7,174.3,200.0,0.0,0.0,0.0,0.0,0.0,0.0,0.0,1.0,1.0,0.333,0.301,105.82,100.47,83.72,3,0.222,23.0
