,Unnamed: 0.1,Unnamed: 0_left,SEASON_YEAR,PLAYER_ID_left,PLAYER_NAME_left,NICKNAME_left,TEAM_ID_left,TEAM_ABBREVIATION_left,TEAM_NAME,GAME_ID,GAME_DATE,MATCHUP,WL,MIN_left,FGM,FGA,FG_PCT,FG3M,FG3A,FG3_PCT,FTM,FTA,FT_PCT,OREB,DREB,REB,AST,TOV,STL,BLK,BLKA,PF,PFD,PTS,PLUS_MINUS,NBA_FANTASY_PTS,DD2,TD3,WNBA_FANTASY_PTS,GP_RANK,W_RANK,L_RANK,W_PCT_RANK,MIN_RANK,FGM_RANK,FGA_RANK,FG_PCT_RANK,FG3M_RANK,FG3A_RANK,FG3_PCT_RANK,FTM_RANK,FTA_RANK,FT_PCT_RANK,OREB_RANK,DREB_RANK,REB_RANK,AST_RANK,TOV_RANK,STL_RANK,BLK_RANK,BLKA_RANK,PF_RANK,PFD_RANK,PTS_RANK,PLUS_MINUS_RANK,NBA_FANTASY_PTS_RANK,DD2_RANK,TD3_RANK,WNBA_FANTASY_PTS_RANK,AVAILABLE_FLAG,MIN_SEC,NET_RANKING,TEAM_ID,TEAM_ABBREVIATION,TEAM_CITY,PLAYER_ID,PLAYER_NAME,NICKNAME,START_POSITION,COMMENT,MIN,E_OFF_RATING,OFF_RATING,E_DEF_RATING,DEF_RATING,E_NET_RATING,NET_RATING,AST_PCT,AST_TOV,AST_RATIO,OREB_PCT,DREB_PCT,REB_PCT,TM_TOV_PCT,EFG_PCT,TS_PCT,USG_PCT,E_USG_PCT,E_PACE,PACE,PACE_PER40,POSS,PIE,Unnamed: 0
0,16,16,2023-24,1627936,Alex Caruso,Alex,1610612741,CHI,Chicago Bulls,22301190,2024-04-14T00:00:00,CHI @ NYK,L,40.75,5,8,0.625,3,5,0.6,2,2,1.0,0,5,5,8,3,5,0,1,2,2,15,-8,45.0,0,0,41.0,1,13252,13252,13252,476,7292,11049,5137,2226,5663,3197,6103,7481,1,13449,4442,7149,1009,1850,23,8529,17336,13042,6969,6762,19981,2096,2248,138,2508,1,40:45,,1610612741,CHI,Chicago,1627936,Alex Caruso,Alex,G,,40.000000:45,108.1,108.6,119.1,117.1,-11.0,-8.4,0.25,2.67,40.0,0.0,0.152,0.069,15.0,0.813,0.845,0.136,0.136,95.41,96.0,80.0,81,0.143,3.0
1,720,720,2023-24,1627936,Alex Caruso,Alex,1610612741,CHI,Chicago Bulls,22301166,2024-04-11T00:00:00,CHI @ DET,W,33.53333333333333,3,6,0.5,1,3,0.333,1,2,0.5,1,3,4,10,2,2,0,1,3,2,8,23,31.8,0,0,27.0,1,1,1,1,4973,12407,14269,8954,8460,10539,9124,10099,7481,10591,6495,9403,9569,425,4132,1349,8529,17336,18879,6969,13454,742,6366,2248,138,7909,1,33:32,,1610612741,CHI,Chicago,1627936,Alex Caruso,Alex,G,,33.000000:32,130.5,131.4,97.4,100.0,33.1,31.4,0.286,5.0,52.6,0.037,0.111,0.074,10.5,0.583,0.581,0.118,0.121,101.17,99.48,82.9,70,0.086,3.0
2,1181,1181,2023-24,1627936,Alex Caruso,Alex,1610612741,CHI,Chicago Bulls,22301149,2024-04-09T00:00:00,CHI vs. NYK,L,37.01166666666666,3,7,0.429,3,5,0.6,0,0,0.0,2,3,5,6,1,2,2,0,3,2,9,-10,35.0,0,0,31.0,1,13252,13252,13252,2217,12407,12577,14111,2226,5663,3197,13417,14233,13417,3105,9403,7149,2326,8468,1349,879,1,18879,6969,12379,21324,5070,2248,138,5923,1,37:01,,1610612741,CHI,Chicago,1627936,Alex Caruso,Alex,G,,37.000000:01,121.1,118.7,130.7,130.3,-9.6,-11.6,0.188,6.0,42.9,0.059,0.107,0.081,7.1,0.643,0.643,0.095,0.097,96.75,97.92,81.6,75,0.077,18.0
3,1741,1741,2023-24,1627936,Alex Caruso,Alex,1610612741,CHI,Chicago Bulls,22301119,2024-04-05T00:00:00,CHI vs. NYK,W,32.35,3,6,0.5,1,4,0.25,0,0,0.0,0,1,1,4,2,1,0,0,2,3,7,-8,15.2,0,0,15.0,1,1,1,1,5974,12407,14269,8954,8460,7844,11776,13417,14233,13417,13449,17515,19646,4938,4132,4430,8529,1,13042,4295,14704,19981,15911,2248,138,15335,1,32:21,,1610612741,CHI,Chicago,1627936,Alex Caruso,Alex,F,,32.000000:21,110.0,101.4,110.8,113.0,-0.8,-11.6,0.143,2.0,33.3,0.0,0.03,0.015,16.7,0.583,0.583,0.099,0.106,99.44,102.38,85.32,69,0.039,16.0
4,2420,2420,2023-24,1627936,Alex Caruso,Alex,1610612741,CHI,Chicago Bulls,22301091,2024-04-01T00:00:00,CHI vs. ATL,L,32.916666666666664,3,13,0.231,2,7,0.286,0,0,0.0,1,4,5,3,1,2,2,2,1,1,8,-17,29.5,0,0,26.0,1,13252,13252,13252,5510,12407,5230,21232,4439,2715,11375,13417,14233,13417,6495,6490,7149,7003,8468,1349,879,23757,6163,11166,13454,24448,7461,2248,138,8454,1,32:55,,1610612741,CHI,Chicago,1627936,Alex Caruso,Alex,F,,32.000000:55,98.5,93.1,124.0,121.7,-25.6,-28.7,0.13,3.0,17.6,0.024,0.138,0.071,5.9,0.308,0.308,0.169,0.179,98.98,102.81,85.67,72,0.048,13.0
5,2499,2499,2023-24,1627936,Alex Caruso,Alex,1610612741,CHI,Chicago Bulls,22301084,2024-03-31T00:00:00,CHI @ MIN,W,34.63333333333333,7,8,0.875,7,8,0.875,0,0,0.0,1,4,5,5,4,5,0,0,3,0,21,6,45.5,0,0,48.0,1,1,1,1,4111,3981,11049,1472,71,1806,1488,13417,14233,13417,6495,6490,7149,3413,804,23,8529,1,18879,17532,3398,6978,1999,2248,138,1240,1,34:38,,1610612741,CHI,Chicago,1627936,Alex Caruso,Alex,F,,34.000000:38,116.5,114.7,101.5,101.4,15.0,13.3,0.217,1.25,29.4,0.038,0.114,0.082,23.5,1.313,1.313,0.167,0.169,95.55,96.32,80.27,68,0.185,1.0
6,2775,2775,2023-24,1627936,Alex Caruso,Alex,1610612741,CHI,Chicago Bulls,22301066,2024-03-29T00:00:00,CHI @ BKN,L,32.7,2,5,0.4,2,4,0.5,0,0,0.0,0,3,3,5,4,0,1,0,2,2,6,-26,16.1,0,0,18.0,1,13252,13252,13252,5710,15517,15951,15260,4439,7844,4049,13417,14233,13417,13449,9403,12548,3413,804,12108,2720,1,13042,6969,15809,26001,15343,2248,138,13299,1,32:42,,1610612741,CHI,Chicago,1627936,Alex Caruso,Alex,F,,32.000000:42,112.0,107.8,141.7,143.9,-29.7,-36.1,0.217,1.25,35.7,0.0,0.086,0.052,28.6,0.6,0.6,0.138,0.144,94.41,95.41,79.51,64,0.033,1.0
7,3259,3259,2023-24,1627936,Alex Caruso,Alex,1610612741,CHI,Chicago Bulls,22301054,2024-03-27T00:00:00,CHI vs. IND,W,28.983333333333334,5,10,0.5,2,5,0.4,0,0,0.0,2,5,7,7,0,2,0,0,1,4,12,23,36.9,0,0,32.0,1,1,1,1,8798,7292,8327,8954,4439,5663,7875,13417,14233,13417,3105,4442,3886,1520,16035,1349,8529,1,6163,2625,9297,742,4380,2248,138,5538,1,28:59,,1610612741,CHI,Chicago,1627936,Alex Caruso,Alex,F,,28.000000:59,120.0,121.7,88.0,84.7,32.0,36.9,0.304,0.0,41.2,0.065,0.161,0.113,0.0,0.6,0.6,0.143,0.145,97.45,98.54,82.12,60,0.191,15.0
8,3425,3425,2023-24,1627936,Alex Caruso,Alex,1610612741,CHI,Chicago Bulls,22301037,2024-03-25T00:00:00,CHI vs. WAS,L,33.21666666666667,4,8,0.5,2,4,0.5,2,2,1.0,1,5,6,5,1,2,1,0,4,2,12,8,34.7,0,0,31.0,1,13252,13252,13252,5246,9679,11049,8954,4439,7844,4049,6103,7481,1,6495,4442,5291,3413,8468,1349,2720,1,22902,6969,9297,5604,5175,2248,138,5923,1,33:13,,1610612741,CHI,Chicago,1627936,Alex Caruso,Alex,,,33.000000:13,111.7,111.6,98.8,101.5,12.9,10.1,0.217,5.0,33.3,0.027,0.122,0.077,6.7,0.625,0.676,0.125,0.13,100.26,98.99,82.49,69,0.109,17.0
9,3910,3910,2023-24,1627936,Alex Caruso,Alex,1610612741,CHI,Chicago Bulls,22301023,2024-03-23T00:00:00,CHI vs. BOS,L,28.041666666666668,5,8,0.625,4,6,0.667,0,0,0.0,0,3,3,3,0,1,0,1,1,0,14,0,25.1,0,0,26.0,1,13252,13252,13252,9560,7292,11049,5137,1043,3921,2080,13417,14233,13417,13449,9403,12548,7003,16035,4430,8529,17336,6163,17532,7525,12394,9753,2248,138,8454,1,28:03,,1610612741,CHI,Chicago,1627936,Alex Caruso,Alex,F,,28.000000:03,120.4,122.2,117.0,122.2,3.3,0.0,0.143,0.0,27.3,0.0,0.107,0.061,0.0,0.875,0.875,0.14,0.141,95.21,92.43,77.03,54,0.13,14.0
10,4135,4135,2023-24,1627936,Alex Caruso,Alex,1610612741,CHI,Chicago Bulls,22301006,2024-03-21T00:00:00,CHI @ HOU,L,34.80166666666667,3,11,0.273,2,8,0.25,4,4,1.0,1,1,2,4,2,2,0,0,5,4,12,-15,24.4,0,0,24.0,1,13252,13252,13252,3977,12407,7189,20199,4439,1806,11776,2744,3806,1,6495,17515,15973,4938,4132,1349,8529,1,25189,2625,9297,23787,10150,2248,138,9599,1,34:48,,1610612741,CHI,Chicago,1627936,Alex Caruso,Alex,G,,34.000000:48,105.0,100.0,122.5,122.7,-17.6,-22.7,0.167,2.0,21.1,0.026,0.032,0.029,10.5,0.364,0.47,0.174,0.184,102.37,104.82,87.35,77,0.029,3.0
11,4682,4682,2023-24,1627936,Alex Caruso,Alex,1610612741,CHI,Chicago Bulls,22300986,2024-03-18T00:00:00,CHI vs. POR,W,31.15,1,5,0.2,1,5,0.2,2,4,0.5,0,4,4,4,1,3,1,0,5,2,5,0,26.8,0,0,22.0,1,1,1,1,7001,18910,15951,21471,8460,5663,13222,6103,3806,10591,13449,6490,9569,4938,8468,384,2720,1,25189,6969,17241,12394,8839,2248,138,10751,1,31:09,,1610612741,CHI,Chicago,1627936,Alex Caruso,Alex,G,,31.000000:09,110.8,109.4,107.3,109.4,3.5,0.0,0.167,4.0,33.3,0.0,0.111,0.058,8.3,0.3,0.37,0.118,0.121,98.93,98.62,82.18,64,0.039,16.0
12,4892,4892,2023-24,1627936,Alex Caruso,Alex,1610612741,CHI,Chicago Bulls,22300971,2024-03-16T00:00:00,CHI vs. WAS,W,34.2,7,12,0.583,2,4,0.5,0,0,0.0,1,4,5,5,3,2,1,1,2,2,16,12,35.5,0,0,34.0,1,1,1,1,4454,3981,6130,6644,4439,7844,4049,13417,14233,13417,6495,6490,7149,3413,1850,1349,2720,17336,13042,6969,6105,3565,4876,2248,138,4739,1,34:12,,1610612741,CHI,Chicago,1627936,Alex Caruso,Alex,G,,34.000000:12,120.3,116.4,103.2,97.3,17.0,19.1,0.2,1.67,25.0,0.04,0.111,0.082,15.0,0.667,0.667,0.188,0.196,99.23,103.86,86.55,73,0.118,16.0
13,5281,5281,2023-24,1627936,Alex Caruso,Alex,1610612741,CHI,Chicago Bulls,22300956,2024-03-14T00:00:00,CHI vs. LAC,L,35.8,5,13,0.385,5,8,0.625,2,2,1.0,0,3,3,6,3,3,0,0,2,3,17,-25,35.6,0,0,37.0,1,13252,13252,13252,3117,7292,5230,16373,458,1806,3078,6103,7481,1,13449,9403,12548,2326,1850,384,8529,1,13042,4295,5445,25921,4841,2248,138,3693,1,35:48,,1610612741,CHI,Chicago,1627936,Alex Caruso,Alex,G,,35.000000:48,108.2,109.7,152.0,148.6,-43.9,-38.8,0.261,2.0,26.1,0.0,0.136,0.054,13.0,0.577,0.612,0.213,0.215,94.82,95.2,79.33,72,0.086,16.0
14,5444,5444,2023-24,1627936,Alex Caruso,Alex,1610612741,CHI,Chicago Bulls,22300948,2024-03-13T00:00:00,CHI @ IND,W,36.733333333333334,9,13,0.692,5,6,0.833,0,0,0.0,1,6,7,7,1,1,0,1,3,1,23,22,43.9,0,0,44.0,1,1,1,1,2427,1924,5230,3385,458,3921,1506,13417,14233,13417,6495,2880,3886,1520,8468,4430,8529,17336,18879,11166,2624,873,2337,2248,138,1881,1,36:44,,1610612741,CHI,Chicago,1627936,Alex Caruso,Alex,F,,36.000000:44,128.0,128.2,100.8,102.6,27.2,25.6,0.259,7.0,33.3,0.03,0.146,0.095,4.8,0.885,0.885,0.165,0.168,101.58,100.62,83.85,78,0.179,0.0
15,5699,5699,2023-24,1627936,Alex Caruso,Alex,1610612741,CHI,Chicago Bulls,22300935,2024-03-11T00:00:00,CHI vs. DAL,L,21.033333333333335,1,6,0.167,1,6,0.167,1,4,0.25,2,3,5,3,1,1,0,0,1,3,4,-9,16.5,0,0,15.0,1,13252,13252,13252,15046,18910,14269,21962,8460,3921,13950,10099,3806,13269,3105,9403,7149,7003,8468,4430,8529,1,6163,4295,18488,20690,15083,2248,138,15335,1,21:02,,1610612741,CHI,Chicago,1627936,Alex Caruso,Alex,F,,21.000000:02,105.6,107.1,129.3,128.6,-23.7,-21.4,0.214,3.0,25.0,0.083,0.143,0.111,8.3,0.25,0.258,0.188,0.185,96.26,95.85,79.87,42,0.02,15.0
16,6113,6113,2023-24,1627936,Alex Caruso,Alex,1610612741,CHI,Chicago Bulls,22300917,2024-03-09T00:00:00,CHI @ LAC,L,36.291666666666664,4,7,0.571,1,3,0.333,0,0,0.0,0,1,1,6,0,4,2,0,3,2,9,-11,37.2,0,0,29.0,1,13252,13252,13252,2747,9679,12577,6891,8460,10539,9124,13417,14233,13417,13449,17515,19646,2326,16035,95,879,1,18879,6969,12379,21910,4274,2248,138,6880,1,36:18,,1610612741,CHI,Chicago,1627936,Alex Caruso,Alex,F,,36.000000:18,108.8,108.6,117.5,119.2,-8.7,-10.6,0.24,0.0,46.2,0.0,0.029,0.014,0.0,0.643,0.643,0.086,0.089,95.15,94.57,78.81,70,0.1,1.0
17,6339,6339,2023-24,1627936,Alex Caruso,Alex,1610612741,CHI,Chicago Bulls,22300907,2024-03-07T00:00:00,CHI @ GSW,W,22.45,2,4,0.5,1,3,0.333,0,0,0.0,1,4,5,2,2,0,1,0,4,1,5,-6,15.0,0,0,15.0,1,1,1,1,13981,15517,17737,8954,8460,10539,9124,13417,14233,13417,6495,6490,7149,9909,4132,12108,2720,1,22902,11166,17241,18385,16062,2248,138,15335,1,22:27,,1610612741,CHI,Chicago,1627936,Alex Caruso,Alex,F,,22.000000:27,114.2,112.2,120.6,127.1,-6.4,-14.8,0.111,1.0,25.0,0.071,0.133,0.114,25.0,0.625,0.625,0.118,0.12,105.58,103.7,86.41,49,0.038,1.0
18,6527,6527,2023-24,1627936,Alex Caruso,Alex,1610612741,CHI,Chicago Bulls,22300898,2024-03-06T00:00:00,CHI @ UTA,W,34.416666666666664,4,9,0.444,3,7,0.429,0,0,0.0,0,3,3,4,0,4,3,1,3,3,11,1,41.6,0,0,35.0,1,1,1,1,4269,9679,9591,13458,2226,2715,7457,13417,14233,13417,13449,9403,12548,4938,16035,95,312,17336,18879,4295,10286,11403,2892,2248,138,4374,1,34:25,,1610612741,CHI,Chicago,1627936,Alex Caruso,Alex,F,,34.000000:25,112.8,117.1,111.0,111.0,1.7,6.2,0.154,0.0,30.8,0.0,0.077,0.042,0.0,0.611,0.611,0.117,0.117,101.59,99.72,83.1,70,0.098,1.0
19,6774,6774,2023-24,1627936,Alex Caruso,Alex,1610612741,CHI,Chicago Bulls,22300883,2024-03-04T00:00:00,CHI @ SAC,W,33.7,1,10,0.1,0,6,0.0,0,1,0.0,0,3,3,7,0,4,0,2,1,1,2,4,28.1,0,0,20.0,1,1,1,1,4851,18910,8327,22513,14651,3921,14651,13417,12641,13417,13449,9403,12548,1520,16035,95,8529,23757,6163,11166,21036,8492,8139,2248,138,11998,1,33:42,,1610612741,CHI,Chicago,1627936,Alex Caruso,Alex,F,,33.000000:42,108.5,116.4,105.3,105.7,3.2,10.7,0.259,0.0,41.2,0.0,0.079,0.041,0.0,0.1,0.096,0.135,0.133,101.27,97.57,81.31,67,0.036,1.0
20,7174,7174,2023-24,1627936,Alex Caruso,Alex,1610612741,CHI,Chicago Bulls,22300864,2024-03-01T00:00:00,CHI vs. MIL,L,25.833333333333332,3,7,0.429,3,6,0.5,2,2,1.0,0,4,4,2,2,1,0,0,2,3,11,-2,19.8,0,0,22.0,1,13252,13252,13252,11381,12407,12577,14111,2226,3921,4049,6103,7481,1,13449,6490,9569,9909,4132,4430,8529,1,13042,4295,10286,14544,12933,2248,138,10751,1,25:50,,1610612741,CHI,Chicago,1627936,Alex Caruso,Alex,F,,25.000000:50,102.2,103.8,101.7,101.8,0.5,2.0,0.133,1.0,16.7,0.0,0.133,0.074,16.7,0.643,0.698,0.182,0.186,100.22,99.41,82.84,52,0.101,14.0
21,7688,7688,2023-24,1627936,Alex Caruso,Alex,1610612741,CHI,Chicago Bulls,22300839,2024-02-27T00:00:00,CHI vs. DET,L,24.6,2,9,0.222,0,5,0.0,0,0,0.0,1,1,2,1,1,5,0,1,4,1,4,5,21.9,0,0,17.0,1,13252,13252,13252,12358,15517,9591,21280,14651,5663,14651,13417,14233,13417,6495,17515,15973,14131,8468,23,8529,17336,22902,11166,18488,7721,11638,2248,138,13968,1,24:36,,1610612741,CHI,Chicago,1627936,Alex Caruso,Alex,F,,24.000000:36,99.2,100.0,92.2,88.7,7.0,11.3,0.05,1.0,9.1,0.029,0.053,0.038,9.1,0.222,0.222,0.159,0.163,100.84,102.44,85.37,52,-0.006,15.0
22,8062,8062,2023-24,1627936,Alex Caruso,Alex,1610612741,CHI,Chicago Bulls,22300823,2024-02-25T00:00:00,CHI @ NOP,W,31.733333333333334,5,13,0.385,2,9,0.222,0,0,0.0,1,2,3,2,0,2,0,0,2,2,12,9,24.6,0,0,23.0,1,1,1,1,6506,7292,5230,16373,4439,1137,13104,13417,14233,13417,6495,13100,12548,9909,16035,1349,8529,1,13042,6969,9297,5021,10026,2248,138,10143,1,31:44,,1610612741,CHI,Chicago,1627936,Alex Caruso,Alex,F,,31.000000:44,107.2,107.2,97.7,97.0,9.5,10.2,0.095,0.0,13.3,0.024,0.059,0.039,0.0,0.462,0.462,0.163,0.167,102.52,102.86,85.71,69,0.066,1.0
23,8639,8639,2023-24,1627936,Alex Caruso,Alex,1610612741,CHI,Chicago Bulls,22300797,2024-02-22T00:00:00,CHI vs. BOS,L,29.716666666666665,5,9,0.556,2,4,0.5,0,0,0.0,0,3,3,5,3,2,1,0,3,3,12,-12,29.1,0,0,28.0,1,13252,13252,13252,8207,7292,9591,7603,4439,7844,4049,13417,14233,13417,13449,9403,12548,3413,1850,1349,2720,1,18879,4295,9297,22460,7654,2248,138,7405,1,29:43,,1610612741,CHI,Chicago,1627936,Alex Caruso,Alex,F,,29.000000:43,106.9,107.8,127.1,128.6,-20.2,-20.8,0.227,1.67,29.4,0.0,0.12,0.054,17.6,0.667,0.667,0.164,0.17,103.57,102.57,85.47,64,0.086,14.0
24,8857,8857,2023-24,1627936,Alex Caruso,Alex,1610612741,CHI,Chicago Bulls,22300781,2024-02-14T00:00:00,CHI @ CLE,L,25.783333333333335,3,6,0.5,2,4,0.5,2,2,1.0,0,2,2,3,1,2,1,0,2,3,10,-7,24.9,0,0,23.0,1,13252,13252,13252,11427,12407,14269,8954,4439,7844,4049,6103,7481,1,13449,13100,15973,7003,8468,1349,2720,1,13042,4295,11320,19219,9860,2248,138,10143,1,25:47,,1610612741,CHI,Chicago,1627936,Alex Caruso,Alex,,,25.000000:47,105.4,101.9,124.6,122.4,-19.2,-20.5,0.214,3.0,27.3,0.0,0.091,0.044,9.1,0.667,0.727,0.14,0.15,91.63,94.01,78.35,52,0.119,5.0
25,9735,9735,2023-24,1627936,Alex Caruso,Alex,1610612741,CHI,Chicago Bulls,22300752,2024-02-10T00:00:00,CHI @ ORL,L,36.36666666666667,4,6,0.667,1,2,0.5,0,0,0.0,3,5,8,1,2,1,4,1,3,3,9,-2,33.1,0,0,29.0,1,13252,13252,13252,2681,9679,14269,3541,8460,13570,4049,13417,14233,13417,1506,4442,2854,14131,4132,4430,129,17336,18879,4295,12379,14544,5780,2248,138,6880,1,36:22,,1610612741,CHI,Chicago,1627936,Alex Caruso,Alex,F,,36.000000:22,115.1,115.6,106.5,113.4,8.6,2.2,0.04,0.5,11.1,0.079,0.132,0.105,22.2,0.75,0.75,0.103,0.104,89.51,86.45,72.04,64,0.109,1.0
26,9963,9963,2023-24,1627936,Alex Caruso,Alex,1610612741,CHI,Chicago Bulls,22300737,2024-02-08T00:00:00,CHI @ MEM,W,29.283333333333335,1,4,0.25,0,3,0.0,5,5,1.0,0,4,4,4,0,2,0,0,5,5,7,0,23.8,0,0,19.0,1,1,1,1,8528,18910,17737,20383,14651,10539,14651,1879,2911,1,13449,6490,9569,4938,16035,1349,8529,1,25189,1530,14704,12394,10478,2248,138,12632,1,29:17,,1610612741,CHI,Chicago,1627936,Alex Caruso,Alex,F,,29.000000:17,116.2,114.8,112.0,114.8,4.2,0.0,0.182,0.0,40.0,0.0,0.118,0.067,0.0,0.25,0.565,0.088,0.091,100.61,99.99,83.32,61,0.077,1.0
27,10323,10323,2023-24,1627936,Alex Caruso,Alex,1610612741,CHI,Chicago Bulls,22300723,2024-02-06T00:00:00,CHI vs. MIN,W,35.15,1,5,0.2,1,3,0.333,0,0,0.0,1,8,9,6,4,2,4,0,1,0,3,19,36.8,0,0,31.0,1,1,1,1,3679,18910,15951,21471,8460,10539,9124,13417,14233,13417,6495,1265,2119,2326,804,1349,129,1,6163,17532,19746,1366,4423,2248,138,5923,1,35:09,,1610612741,CHI,Chicago,1627936,Alex Caruso,Alex,G,,35.000000:09,123.4,123.6,100.1,100.0,23.3,23.6,0.2,1.5,40.0,0.029,0.211,0.125,26.7,0.3,0.3,0.11,0.112,96.98,96.96,80.8,72,0.092,17.0
28,10690,10690,2023-24,1627936,Alex Caruso,Alex,1610612741,CHI,Chicago Bulls,22300700,2024-02-03T00:00:00,CHI vs. SAC,L,37.13333333333333,3,7,0.429,1,4,0.25,0,0,0.0,2,3,5,6,4,3,2,0,5,2,7,1,33.0,0,0,29.0,1,13252,13252,13252,2141,12407,12577,14111,8460,7844,11776,13417,14233,13417,3105,9403,7149,2326,804,384,879,1,25189,6969,14704,11403,5815,2248,138,6880,1,37:08,,1610612741,CHI,Chicago,1627936,Alex Caruso,Alex,F,,37.000000:08,108.7,106.1,103.9,107.5,4.8,-1.4,0.2,1.5,35.3,0.051,0.075,0.063,23.5,0.5,0.5,0.116,0.121,105.25,104.7,87.25,82,0.05,15.0
29,11152,11152,2023-24,1627936,Alex Caruso,Alex,1610612741,CHI,Chicago Bulls,22300674,2024-01-31T00:00:00,CHI @ CHA,W,33.68333333333333,4,7,0.571,2,4,0.5,0,0,0.0,2,3,5,3,0,0,3,0,2,1,10,11,29.5,0,0,26.0,1,1,1,1,4865,9679,12577,6891,4439,7844,4049,13417,14233,13417,3105,9403,7149,7003,16035,12108,312,1,13042,11166,11320,4032,7461,2248,138,8454,1,33:41,,1610612741,CHI,Chicago,1627936,Alex Caruso,Alex,F,,33.000000:41,119.5,116.9,103.9,101.4,15.5,15.5,0.115,0.0,30.0,0.061,0.081,0.071,0.0,0.714,0.714,0.089,0.092,98.87,101.18,84.31,71,0.094,1.0
30,11371,11371,2023-24,1627936,Alex Caruso,Alex,1610612741,CHI,Chicago Bulls,22300672,2024-01-30T00:00:00,CHI vs. TOR,L,32.61666666666667,3,9,0.333,1,6,0.167,4,6,0.667,0,3,3,2,3,1,2,1,2,3,11,7,23.6,0,0,23.0,1,13252,13252,13252,5776,12407,9591,17629,8460,3921,13950,2744,1912,9424,13449,9403,12548,9909,1850,4430,879,17336,13042,4295,10286,6299,10609,2248,138,10143,1,32:37,,1610612741,CHI,Chicago,1627936,Alex Caruso,Alex,F,,32.000000:37,110.2,109.9,98.1,98.6,12.1,11.2,0.083,0.67,11.8,0.0,0.086,0.05,17.6,0.389,0.473,0.2,0.203,105.37,105.22,87.69,71,0.036,13.0
31,11693,11693,2023-24,1627936,Alex Caruso,Alex,1610612741,CHI,Chicago Bulls,22300656,2024-01-28T00:00:00,CHI @ POR,W,32.18333333333333,3,7,0.429,2,5,0.4,1,2,0.5,0,5,5,3,0,1,1,1,5,3,9,5,25.5,0,0,23.0,1,1,1,1,6113,12407,12577,14111,4439,5663,7875,10099,7481,10591,13449,4442,7149,7003,16035,4430,2720,17336,25189,4295,12379,7721,9545,2248,138,10143,1,32:11,,1610612741,CHI,Chicago,1627936,Alex Caruso,Alex,F,,32.000000:11,99.4,98.5,89.9,88.1,9.4,10.4,0.136,0.0,27.3,0.0,0.152,0.074,0.0,0.571,0.571,0.114,0.12,96.94,98.44,82.03,65,0.075,0.0
32,12295,12295,2023-24,1627936,Alex Caruso,Alex,1610612741,CHI,Chicago Bulls,22300633,2024-01-25T00:00:00,CHI @ LAL,L,35.36666666666667,6,12,0.5,3,9,0.333,2,2,1.0,1,3,4,6,2,2,2,0,4,3,17,-6,40.8,0,0,38.0,1,13252,13252,13252,3489,5451,6130,8954,2226,1137,9124,6103,7481,1,6495,9403,9569,2326,4132,1349,879,1,22902,4295,5445,18385,3116,2248,138,3395,1,35:22,,1610612741,CHI,Chicago,1627936,Alex Caruso,Alex,G,,35.000000:22,117.8,120.5,131.1,131.6,-13.3,-11.1,0.231,3.0,28.6,0.029,0.115,0.067,9.5,0.625,0.66,0.169,0.173,105.92,104.51,87.09,78,0.092,3.0
33,12733,12733,2023-24,1627936,Alex Caruso,Alex,1610612741,CHI,Chicago Bulls,22300612,2024-01-22T00:00:00,CHI @ PHX,L,32.81666666666667,5,12,0.417,5,11,0.455,0,0,0.0,1,3,4,3,2,0,3,1,5,0,15,14,31.3,0,0,33.0,1,13252,13252,13252,5594,7292,6130,14849,458,427,7202,13417,14233,13417,6495,9403,9569,7003,4132,12108,312,17336,25189,17532,6762,2754,6592,2248,138,5132,1,32:49,,1610612741,CHI,Chicago,1627936,Alex Caruso,Alex,G,,32.000000:49,138.4,136.9,118.5,117.2,19.8,19.7,0.094,1.5,17.6,0.033,0.1,0.067,11.8,0.625,0.625,0.187,0.188,93.32,94.34,78.62,65,0.053,3.0
34,13010,13010,2023-24,1627936,Alex Caruso,Alex,1610612741,CHI,Chicago Bulls,22300597,2024-01-20T00:00:00,CHI vs. MEM,W,25.3,3,6,0.5,2,5,0.4,0,0,0.0,0,3,3,1,0,2,1,0,3,0,8,18,22.1,0,0,20.0,1,1,1,1,11802,12407,14269,8954,4439,5663,7875,13417,14233,13417,13449,9403,12548,14131,16035,1349,2720,1,18879,17532,13454,1570,11505,2248,138,11998,1,25:18,,1610612741,CHI,Chicago,1627936,Alex Caruso,Alex,G,,25.000000:18,113.7,114.8,81.4,81.5,32.4,33.3,0.045,0.0,14.3,0.0,0.115,0.058,0.0,0.667,0.667,0.1,0.101,103.02,102.45,85.38,54,0.078,15.0
35,13304,13304,2023-24,1627936,Alex Caruso,Alex,1610612741,CHI,Chicago Bulls,22300580,2024-01-18T00:00:00,CHI @ TOR,W,27.588333333333335,4,6,0.667,2,4,0.5,0,0,0.0,0,3,3,4,1,2,2,0,4,0,10,3,30.6,0,0,27.0,1,1,1,1,9962,9679,14269,3541,4439,7844,4049,13417,14233,13417,13449,9403,12548,4938,8468,1349,879,1,22902,17532,11320,9396,6917,2248,138,7909,1,27:35,,1610612741,CHI,Chicago,1627936,Alex Caruso,Alex,F,,27.000000:35,103.2,100.0,95.7,96.7,7.5,3.3,0.182,4.0,36.4,0.0,0.103,0.05,9.1,0.833,0.833,0.1,0.109,104.11,105.26,87.72,61,0.112,0.0
36,13712,13712,2023-24,1627936,Alex Caruso,Alex,1610612741,CHI,Chicago Bulls,22300561,2024-01-15T00:00:00,CHI @ CLE,L,30.866666666666667,4,9,0.444,2,5,0.4,0,0,0.0,0,3,3,3,2,3,1,1,1,0,10,-6,28.1,0,0,26.0,1,13252,13252,13252,7216,9679,9591,13458,4439,5663,7875,13417,14233,13417,13449,9403,12548,7003,4132,384,2720,17336,6163,17532,11320,18385,8139,2248,138,8454,1,30:52,,1610612741,CHI,Chicago,1627936,Alex Caruso,Alex,F,,30.000000:52,88.7,86.6,94.2,94.1,-5.5,-7.6,0.167,1.5,21.4,0.0,0.081,0.043,14.3,0.556,0.556,0.151,0.159,103.69,104.97,87.47,67,0.101,0.0
37,13988,13988,2023-24,1627936,Alex Caruso,Alex,1610612741,CHI,Chicago Bulls,22300548,2024-01-13T00:00:00,CHI @ SAS,W,33.38333333333333,3,5,0.6,3,4,0.75,2,2,1.0,0,6,6,6,1,2,3,1,1,2,11,17,41.2,0,0,36.0,1,1,1,1,5105,12407,15951,5678,2226,7844,1673,6103,7481,1,13449,2880,5291,2326,8468,1349,312,17336,6163,6969,10286,1815,3014,2248,138,4037,1,33:23,,1610612741,CHI,Chicago,1627936,Alex Caruso,Alex,F,,33.000000:23,127.3,129.0,103.3,105.9,24.0,23.1,0.207,6.0,46.2,0.0,0.14,0.081,7.7,0.9,0.935,0.091,0.095,100.39,98.49,82.08,69,0.144,0.0
38,14295,14295,2023-24,1627936,Alex Caruso,Alex,1610612741,CHI,Chicago Bulls,22300536,2024-01-12T00:00:00,CHI vs. GSW,L,29.066666666666663,2,6,0.333,2,6,0.333,0,0,0.0,1,1,2,2,0,0,1,0,0,1,6,-12,14.4,0,0,14.0,1,13252,13252,13252,8717,15517,14269,17629,4439,3921,9124,13417,14233,13417,6495,17515,15973,9909,16035,12108,2720,1,1,11166,15809,22460,16483,2248,138,16037,1,29:04,,1610612741,CHI,Chicago,1627936,Alex Caruso,Alex,F,,29.000000:04,132.4,135.7,150.8,144.3,-18.4,-8.5,0.077,0.0,25.0,0.038,0.036,0.037,0.0,0.5,0.5,0.1,0.099,95.58,96.61,80.5,56,0.036,13.0
39,14617,14617,2023-24,1627936,Alex Caruso,Alex,1610612741,CHI,Chicago Bulls,22300523,2024-01-10T00:00:00,CHI vs. HOU,W,32.28333333333333,3,10,0.3,2,9,0.222,4,6,0.667,2,4,6,3,0,1,1,0,3,3,12,-9,29.7,0,0,27.0,1,1,1,1,6034,12407,8327,19532,4439,1137,13104,2744,1912,9424,3105,6490,5291,7003,16035,4430,2720,1,18879,4295,9297,20690,7351,2248,138,7909,1,32:17,,1610612741,CHI,Chicago,1627936,Alex Caruso,Alex,F,,32.000000:17,97.2,95.7,106.4,110.1,-9.2,-14.4,0.176,0.0,18.8,0.057,0.105,0.082,0.0,0.4,0.475,0.171,0.178,104.32,103.34,86.11,70,0.072,12.0
40,14793,14793,2023-24,1627936,Alex Caruso,Alex,1610612741,CHI,Chicago Bulls,22300506,2024-01-08T00:00:00,CHI @ CHA,W,34.2,2,7,0.286,1,3,0.333,0,0,0.0,0,2,2,3,0,2,1,1,4,1,5,17,20.9,0,0,17.0,1,1,1,1,4454,15517,12577,19775,8460,10539,9124,13417,14233,13417,13449,13100,15973,7003,16035,1349,2720,17336,22902,11166,17241,1815,12256,2248,138,13968,1,34:12,,1610612741,CHI,Chicago,1627936,Alex Caruso,Alex,G,,34.000000:12,120.3,115.9,92.7,91.3,27.6,24.6,0.111,0.0,30.0,0.0,0.054,0.029,0.0,0.357,0.357,0.088,0.093,94.34,96.84,80.7,69,0.027,3.0
41,15519,15519,2023-24,1627936,Alex Caruso,Alex,1610612741,CHI,Chicago Bulls,22300468,2024-01-03T00:00:00,CHI @ NYK,L,32.60333333333333,5,13,0.385,2,8,0.25,1,1,1.0,0,4,4,3,1,4,1,1,4,1,13,-11,36.3,0,0,32.0,1,13252,13252,13252,5784,7292,5230,16373,4439,1806,11776,10099,12641,1,13449,6490,9569,7003,8468,95,2720,17336,22902,11166,8427,21910,4601,2248,138,5538,1,32:36,,1610612741,CHI,Chicago,1627936,Alex Caruso,Alex,G,,32.000000:36,103.3,103.1,118.8,120.0,-15.5,-16.9,0.15,3.0,17.6,0.0,0.154,0.061,5.9,0.462,0.484,0.184,0.19,96.05,95.7,79.75,65,0.083,3.0
42,15825,15825,2023-24,1627936,Alex Caruso,Alex,1610612741,CHI,Chicago Bulls,22300459,2024-01-02T00:00:00,CHI @ PHI,L,21.45,3,10,0.3,1,6,0.167,1,2,0.5,1,1,2,2,2,0,1,0,0,4,8,-12,14.4,0,0,15.0,1,13252,13252,13252,14723,12407,8327,19532,8460,3921,13950,10099,7481,10591,6495,17515,15973,9909,4132,12108,2720,1,1,2625,13454,22460,16483,2248,138,15335,1,21:27,,1610612741,CHI,Chicago,1627936,Alex Caruso,Alex,G,,21.000000:27,96.3,100.0,121.3,122.7,-25.0,-22.7,0.167,1.0,13.3,0.037,0.05,0.043,13.3,0.35,0.368,0.241,0.247,98.6,96.22,80.19,42,0.026,3.0
43,16278,16278,2023-24,1627936,Alex Caruso,Alex,1610612741,CHI,Chicago Bulls,22300442,2023-12-30T00:00:00,CHI vs. PHI,W,28.15,4,7,0.571,3,5,0.6,3,5,0.6,0,2,2,5,3,1,1,0,2,2,14,19,26.9,0,0,28.0,1,1,1,1,9479,9679,12577,6891,2226,5663,3197,4235,2911,10302,13449,13100,15973,3413,1850,4430,2720,1,13042,6969,7525,1366,8775,2248,138,7405,1,28:09,,1610612741,CHI,Chicago,1627936,Alex Caruso,Alex,G,,28.000000:09,118.7,120.0,90.1,89.8,28.6,30.2,0.227,1.67,29.4,0.0,0.054,0.035,17.6,0.786,0.761,0.179,0.183,101.9,101.46,84.55,60,0.117,16.0
44,16685,16685,2023-24,1627936,Alex Caruso,Alex,1610612741,CHI,Chicago Bulls,22300422,2023-12-28T00:00:00,CHI vs. IND,L,32.416666666666664,6,11,0.545,3,7,0.429,0,0,0.0,2,5,7,2,1,1,0,0,1,1,15,-15,28.4,0,0,29.0,1,13252,13252,13252,5925,5451,7189,8074,2226,2715,7457,13417,14233,13417,3105,4442,3886,9909,8468,4430,8529,1,6163,11166,6762,23787,7986,2248,138,6880,1,32:25,,1610612741,CHI,Chicago,1627936,Alex Caruso,Alex,G,,32.000000:25,98.0,95.5,115.5,117.9,-17.5,-22.4,0.111,2.0,14.3,0.05,0.161,0.099,7.1,0.682,0.682,0.162,0.168,98.97,99.21,82.67,67,0.123,17.0
45,16948,16948,2023-24,1627936,Alex Caruso,Alex,1610612741,CHI,Chicago Bulls,22300408,2023-12-26T00:00:00,CHI vs. ATL,W,29.216666666666665,2,10,0.2,1,5,0.2,6,6,1.0,2,3,5,5,1,2,0,0,2,4,11,3,29.5,0,0,26.0,1,1,1,1,8584,15517,8327,21471,8460,5663,13222,1214,1912,1,3105,9403,7149,3413,8468,1349,8529,1,13042,2625,10286,9396,7461,2248,138,8454,1,29:13,,1610612741,CHI,Chicago,1627936,Alex Caruso,Alex,G,,29.000000:13,116.3,113.3,106.8,108.3,9.4,5.0,0.227,5.0,26.3,0.063,0.097,0.079,5.3,0.25,0.435,0.189,0.196,98.02,98.57,82.14,60,0.096,16.0
46,17250,17250,2023-24,1627936,Alex Caruso,Alex,1610612741,CHI,Chicago Bulls,22300396,2023-12-23T00:00:00,CHI vs. CLE,L,32.15,4,9,0.444,2,5,0.4,0,0,0.0,1,3,4,1,0,0,1,0,3,1,10,-10,19.3,0,0,19.0,1,13252,13252,13252,6149,9679,9591,13458,4439,5663,7875,13417,14233,13417,6495,9403,9569,14131,16035,12108,2720,1,18879,11166,11320,21324,13245,2248,138,12632,1,32:09,,1610612741,CHI,Chicago,1627936,Alex Caruso,Alex,G,,32.000000:09,104.5,104.8,115.3,118.8,-10.8,-14.0,0.05,0.0,10.0,0.033,0.086,0.062,0.0,0.556,0.556,0.132,0.134,96.36,94.81,79.0,63,0.056,15.0
47,17704,17704,2023-24,1627936,Alex Caruso,Alex,1610612741,CHI,Chicago Bulls,22300376,2023-12-21T00:00:00,CHI vs. SAS,W,21.7,4,6,0.667,0,0,0.0,0,0,0.0,0,3,3,3,2,3,0,0,5,0,8,10,23.1,0,0,20.0,1,1,1,1,14534,9679,14269,3541,14651,20560,14651,13417,14233,13417,13449,9403,12548,7003,4132,384,8529,1,25189,17532,13454,4460,10884,2248,138,11998,1,21:42,,1610612741,CHI,Chicago,1627936,Alex Caruso,Alex,G,,21.000000:42,121.5,121.7,100.8,97.9,20.7,23.9,0.15,1.5,27.3,0.0,0.176,0.088,18.2,0.667,0.667,0.167,0.17,101.44,102.86,85.71,46,0.084,17.0
48,17730,17730,2023-24,1627936,Alex Caruso,Alex,1610612741,CHI,Chicago Bulls,22300370,2023-12-20T00:00:00,CHI vs. LAL,W,27.786666666666665,5,7,0.714,3,4,0.75,2,2,1.0,2,4,6,2,4,0,1,1,2,3,15,15,24.2,0,0,28.0,1,1,1,1,9805,7292,12577,2921,2226,7844,1673,6103,7481,1,3105,6490,5291,9909,804,12108,2720,17336,13042,4295,6762,2411,10260,2248,138,7405,1,27:47,,1610612741,CHI,Chicago,1627936,Alex Caruso,Alex,G,,27.000000:47,131.5,133.3,99.6,103.2,31.9,30.2,0.083,0.5,14.3,0.105,0.121,0.115,28.6,0.929,0.952,0.188,0.188,108.93,106.24,88.53,60,0.107,16.0
49,18199,18199,2023-24,1627936,Alex Caruso,Alex,1610612741,CHI,Chicago Bulls,22300351,2023-12-18T00:00:00,CHI @ PHI,W,30.511666666666667,5,8,0.625,0,3,0.0,0,1,0.0,0,4,4,4,2,1,2,0,5,1,10,18,27.8,0,0,24.0,1,1,1,1,7544,7292,11049,5137,14651,10539,14651,13417,12641,13417,13449,6490,9569,4938,4132,4430,879,1,25189,11166,11320,1570,8326,2248,138,9599,1,30:31,,1610612741,CHI,Chicago,1627936,Alex Caruso,Alex,,,30.000000:31,133.1,128.3,94.6,95.2,38.6,33.2,0.16,2.0,28.6,0.0,0.111,0.068,14.3,0.625,0.592,0.156,0.162,94.58,95.96,79.97,60,0.073,5.0
50,18805,18805,2023-24,1627936,Alex Caruso,Alex,1610612741,CHI,Chicago Bulls,22300320,2023-12-14T00:00:00,CHI @ MIA,W,4.866666666666666,2,4,0.5,2,3,0.667,0,0,0.0,0,0,0,1,0,0,0,0,0,1,6,11,7.5,0,0,9.0,1,1,1,1,24038,15517,17737,8954,4439,10539,2080,13417,14233,13417,13449,22149,23241,14131,16035,12108,8529,1,1,11166,15809,4032,20956,2248,138,19556,1,4:52,,1610612741,CHI,Chicago,1627936,Alex Caruso,Alex,G,,4.000000:52,160.0,145.5,50.0,50.0,110.0,95.5,0.25,0.0,20.0,0.0,0.0,0.0,0.0,0.75,0.75,0.364,0.4,98.63,103.56,86.3,11,0.208,3.0
51,19656,19656,2023-24,1627936,Alex Caruso,Alex,1610612741,CHI,Chicago Bulls,22301223,2023-12-08T00:00:00,CHI @ SAS,W,18.418333333333333,2,5,0.4,0,2,0.0,0,0,0.0,1,2,3,2,2,1,0,1,2,1,4,-3,11.6,0,0,11.0,1,1,1,1,17011,15517,15951,15260,14651,13570,14651,13417,14233,13417,6495,13100,12548,9909,4132,4430,8529,17336,13042,11166,18488,15642,18393,2248,138,18152,1,18:25,,1610612741,CHI,Chicago,1627936,Alex Caruso,Alex,G,,18.000000:25,99.8,97.4,107.3,107.9,-7.5,-10.5,0.154,1.0,22.2,0.036,0.125,0.068,22.2,0.4,0.4,0.14,0.149,99.4,100.33,83.61,39,0.033,3.0
52,20001,20001,2023-24,1627936,Alex Caruso,Alex,1610612741,CHI,Chicago Bulls,22301211,2023-12-06T00:00:00,CHI vs. CHA,W,30.183333333333337,4,7,0.571,1,2,0.5,3,4,0.75,4,2,6,2,1,0,2,0,2,6,12,-4,27.2,0,0,25.0,1,1,1,1,7812,9679,12577,6891,8460,13570,4049,4235,3806,8216,766,13100,5291,9909,8468,12108,879,1,13042,906,9297,16567,8622,2248,138,9026,1,30:11,,1610612741,CHI,Chicago,1627936,Alex Caruso,Alex,G,,30.000000:11,102.2,98.4,104.0,104.8,-1.8,-6.5,0.125,2.0,16.7,0.098,0.069,0.086,8.3,0.643,0.685,0.127,0.132,97.17,98.6,82.16,62,0.119,16.0
53,20258,20258,2023-24,1627936,Alex Caruso,Alex,1610612741,CHI,Chicago Bulls,22300285,2023-12-02T00:00:00,CHI vs. NOP,W,12.583333333333334,3,5,0.6,2,4,0.5,0,0,0.0,0,2,2,2,1,0,1,0,2,0,8,-3,15.4,0,0,16.0,1,1,1,1,20756,12407,15951,5678,4439,7844,4049,13417,14233,13417,13449,13100,15973,9909,8468,12108,2720,1,13042,17532,13454,15642,15788,2248,138,14655,1,12:35,,1610612741,CHI,Chicago,1627936,Alex Caruso,Alex,G,,12.000000:35,128.6,123.1,131.4,134.6,-2.8,-11.5,0.222,2.0,25.0,0.0,0.167,0.095,12.5,0.8,0.8,0.222,0.232,98.26,99.18,82.65,26,0.105,15.0
54,20594,20594,2023-24,1627936,Alex Caruso,Alex,1610612741,CHI,Chicago Bulls,22300269,2023-11-30T00:00:00,CHI vs. MIL,W,29.4,4,9,0.444,3,5,0.6,0,0,0.0,0,1,1,5,7,2,1,1,1,5,11,-9,21.7,0,0,26.0,1,1,1,1,8449,9679,9591,13458,2226,5663,3197,13417,14233,13417,13449,17515,19646,3413,33,1349,2720,17336,6163,1530,10286,20690,11782,2248,138,8454,1,29:24,,1610612741,CHI,Chicago,1627936,Alex Caruso,Alex,F,,29.000000:24,101.3,98.5,110.5,117.7,-9.1,-19.3,0.263,0.71,23.8,0.0,0.04,0.019,33.3,0.611,0.611,0.225,0.238,105.5,103.67,86.39,65,0.052,13.0
55,20957,20957,2023-24,1627936,Alex Caruso,Alex,1610612741,CHI,Chicago Bulls,22300053,2023-11-28T00:00:00,CHI @ BOS,L,19.083333333333332,3,9,0.333,2,6,0.333,0,0,0.0,1,1,2,2,1,3,0,1,2,0,8,-16,21.4,0,0,20.0,1,13252,13252,13252,16500,12407,9591,17629,4439,3921,9124,13417,14233,13417,6495,17515,15973,9909,8468,384,8529,17336,13042,17532,13454,24160,11959,2248,138,11998,1,19:05,,1610612741,CHI,Chicago,1627936,Alex Caruso,Alex,,,19.000000:05,92.1,89.7,133.1,130.8,-41.0,-41.0,0.154,2.0,16.7,0.048,0.067,0.056,8.3,0.444,0.444,0.238,0.25,95.98,98.1,81.75,39,0.053,6.0
56,21438,21438,2023-24,1627936,Alex Caruso,Alex,1610612741,CHI,Chicago Bulls,22300046,2023-11-24T00:00:00,CHI @ TOR,L,17.733333333333334,2,3,0.667,1,2,0.5,2,2,1.0,1,1,2,1,0,0,0,0,0,1,7,-13,10.9,0,0,11.0,1,13252,13252,13252,17493,15517,19584,3541,8460,13570,4049,6103,7481,1,6495,17515,15973,14131,16035,12108,8529,1,1,11166,14704,22947,18872,2248,138,18152,1,17:44,,1610612741,CHI,Chicago,1627936,Alex Caruso,Alex,F,,17.000000:44,104.4,102.9,138.1,137.1,-33.7,-34.2,0.091,0.0,20.0,0.077,0.1,0.087,0.0,0.833,0.902,0.114,0.116,92.41,93.38,77.82,34,0.1,1.0
57,21808,21808,2023-24,1627936,Alex Caruso,Alex,1610612741,CHI,Chicago Bulls,22300234,2023-11-22T00:00:00,CHI @ OKC,L,27.266666666666666,5,12,0.417,2,6,0.333,0,0,0.0,1,5,6,1,0,1,0,1,1,0,12,-5,23.7,0,0,23.0,1,13252,13252,13252,10242,7292,6130,14849,4439,3921,9124,13417,14233,13417,6495,4442,5291,14131,16035,4430,8529,17336,6163,17532,9297,17506,10547,2248,138,10143,1,27:16,,1610612741,CHI,Chicago,1627936,Alex Caruso,Alex,F,,27.000000:16,108.4,108.9,120.2,124.5,-11.8,-15.6,0.067,0.0,7.7,0.029,0.278,0.115,0.0,0.5,0.5,0.179,0.184,97.88,95.94,79.95,56,0.106,1.0
58,22117,22117,2023-24,1627936,Alex Caruso,Alex,1610612741,CHI,Chicago Bulls,22300220,2023-11-20T00:00:00,CHI vs. MIA,L,26.983333333333334,4,10,0.4,2,4,0.5,3,4,0.75,2,2,4,3,2,1,1,0,1,4,13,-21,26.3,0,0,26.0,1,13252,13252,13252,10456,9679,8327,15260,4439,7844,4049,4235,3806,8216,3105,13100,9569,7003,4132,4430,2720,1,6163,2625,8427,25405,9084,2248,138,8454,1,26:59,,1610612741,CHI,Chicago,1627936,Alex Caruso,Alex,F,,26.000000:59,102.9,103.7,137.9,140.0,-35.0,-36.3,0.188,1.5,17.6,0.077,0.091,0.083,11.8,0.5,0.553,0.233,0.236,98.05,96.95,80.79,54,0.083,13.0
59,22484,22484,2023-24,1627936,Alex Caruso,Alex,1610612741,CHI,Chicago Bulls,22300204,2023-11-18T00:00:00,CHI vs. MIA,W,28.966666666666665,4,8,0.5,2,4,0.5,1,2,0.5,1,0,1,3,1,1,1,0,2,2,11,-16,21.7,0,0,21.0,1,1,1,1,8817,9679,11049,8954,4439,7844,4049,10099,7481,10591,6495,22149,19646,7003,8468,4430,2720,1,13042,6969,10286,24160,11782,2248,138,11364,1,28:58,,1610612741,CHI,Chicago,1627936,Alex Caruso,Alex,F,,28.000000:58,95.2,91.5,111.8,120.7,-16.6,-29.2,0.2,3.0,23.1,0.037,0.0,0.019,7.7,0.625,0.619,0.161,0.167,98.86,96.94,80.78,59,0.07,13.0
60,22554,22554,2023-24,1627936,Alex Caruso,Alex,1610612741,CHI,Chicago Bulls,22300033,2023-11-17T00:00:00,CHI vs. ORL,L,23.1,5,6,0.833,4,5,0.8,4,4,1.0,0,1,1,0,1,3,2,0,4,2,18,7,33.2,0,0,33.0,1,13252,13252,13252,13511,7292,14269,1607,1043,5663,1554,2744,3806,1,13449,17515,19646,19657,8468,384,879,1,22902,6969,4872,6299,5734,2248,138,5132,1,23:06,,1610612741,CHI,Chicago,1627936,Alex Caruso,Alex,F,,23.000000:06,94.9,94.1,83.8,85.4,11.1,8.7,0.0,0.0,0.0,0.0,0.04,0.021,11.1,1.167,1.16,0.167,0.174,103.4,102.86,85.71,51,0.286,15.0
61,22942,22942,2023-24,1627936,Alex Caruso,Alex,1610612741,CHI,Chicago Bulls,22300196,2023-11-15T00:00:00,CHI vs. ORL,L,24.4,5,7,0.714,2,4,0.5,4,4,1.0,1,4,5,3,2,0,1,0,5,3,16,7,27.5,0,0,28.0,1,13252,13252,13252,12524,7292,12577,2921,4439,7844,4049,2744,3806,1,6495,6490,7149,7003,4132,12108,2720,1,25189,4295,6105,6299,8469,2248,138,7405,1,24:24,,1610612741,CHI,Chicago,1627936,Alex Caruso,Alex,,,24.000000:24,110.6,108.0,91.2,90.4,19.4,17.6,0.214,1.5,21.4,0.042,0.133,0.093,14.3,0.857,0.913,0.193,0.201,98.75,100.33,83.61,50,0.214,20.0
62,23898,23898,2023-24,1627936,Alex Caruso,Alex,1610612741,CHI,Chicago Bulls,22300162,2023-11-08T00:00:00,CHI vs. PHX,L,30.883333333333333,7,9,0.778,4,5,0.8,1,2,0.5,1,3,4,2,1,3,2,1,3,3,19,24,40.8,0,0,39.0,1,13252,13252,13252,7205,3981,9591,2093,1043,5663,1554,10099,7481,10591,6495,9403,9569,9909,8468,384,879,17336,18879,4295,4356,645,3116,2248,138,3091,1,30:53,,1610612741,CHI,Chicago,1627936,Alex Caruso,Alex,,,30.000000:53,118.6,121.5,85.5,84.6,33.2,36.9,0.095,2.0,15.4,0.036,0.086,0.063,7.7,1.0,0.962,0.155,0.154,101.77,101.03,84.19,65,0.187,20.0
63,24179,24179,2023-24,1627936,Alex Caruso,Alex,1610612741,CHI,Chicago Bulls,22300152,2023-11-06T00:00:00,CHI vs. UTA,W,20.333333333333332,3,3,1.0,2,2,1.0,2,2,1.0,1,0,1,3,0,1,0,0,1,2,10,16,18.7,0,0,18.0,1,1,1,1,15563,12407,19584,1,4439,13570,1,6103,7481,1,6495,22149,19646,7003,16035,4430,8529,1,6163,6969,11320,2126,13621,2248,138,13299,1,20:20,,1610612741,CHI,Chicago,1627936,Alex Caruso,Alex,,,20.000000:20,139.6,134.1,99.5,100.0,40.1,34.1,0.176,0.0,42.9,0.059,0.0,0.026,0.0,1.333,1.289,0.087,0.09,92.77,94.43,78.69,41,0.17,18.0
64,24598,24598,2023-24,1627936,Alex Caruso,Alex,1610612741,CHI,Chicago Bulls,22300139,2023-11-04T00:00:00,CHI @ DEN,L,14.266666666666667,1,3,0.333,0,2,0.0,1,1,1.0,0,0,0,2,2,1,0,0,3,1,3,-8,7.0,0,0,7.0,1,13252,13252,13252,19799,18910,19584,17629,14651,13570,14651,10099,12641,1,13449,22149,23241,9909,4132,4430,8529,1,18879,11166,19746,19981,21289,2248,138,20822,1,14:16,,1610612741,CHI,Chicago,1627936,Alex Caruso,Alex,,,14.000000:16,81.9,82.8,114.4,110.3,-32.6,-27.6,0.222,1.0,28.6,0.0,0.0,0.0,28.6,0.333,0.436,0.161,0.165,96.36,97.57,81.31,29,-0.019,6.0
65,24755,24755,2023-24,1627936,Alex Caruso,Alex,1610612741,CHI,Chicago Bulls,22300004,2023-11-03T00:00:00,CHI vs. BKN,L,26.283333333333335,1,2,0.5,1,2,0.5,0,0,0.0,0,2,2,2,0,0,1,0,2,0,3,-9,11.4,0,0,10.0,1,13252,13252,13252,11001,18910,21406,8954,8460,13570,4049,13417,14233,13417,13449,13100,15973,9909,16035,12108,2720,1,13042,17532,19746,20690,18520,2248,138,18860,1,26:17,,1610612741,CHI,Chicago,1627936,Alex Caruso,Alex,,,26.000000:17,107.0,105.8,115.7,128.0,-8.7,-22.2,0.095,0.0,50.0,0.0,0.071,0.038,0.0,0.75,0.75,0.035,0.036,97.45,93.14,77.62,52,0.041,19.0
66,25068,25068,2023-24,1627936,Alex Caruso,Alex,1610612741,CHI,Chicago Bulls,22300124,2023-11-01T00:00:00,CHI @ DAL,L,22.03,3,6,0.5,0,3,0.0,0,0,0.0,2,2,4,1,2,1,1,0,4,0,6,-5,16.3,0,0,15.0,1,13252,13252,13252,14278,12407,14269,8954,14651,10539,14651,13417,14233,13417,3105,13100,9569,14131,4132,4430,2720,1,22902,17532,15809,17506,15221,2248,138,15335,1,22:02,,1610612741,CHI,Chicago,1627936,Alex Caruso,Alex,,,22.000000:02,107.1,104.5,121.9,121.4,-14.8,-16.9,0.067,0.5,11.1,0.087,0.1,0.093,22.2,0.5,0.5,0.151,0.157,92.38,93.69,78.08,44,0.033,5.0
67,25520,25520,2023-24,1627936,Alex Caruso,Alex,1610612741,CHI,Chicago Bulls,22300102,2023-10-30T00:00:00,CHI @ IND,W,26.083333333333332,3,5,0.6,1,2,0.5,1,2,0.5,1,3,4,3,3,0,1,0,1,2,8,6,17.3,0,0,18.0,1,1,1,1,11172,12407,15951,5678,8460,13570,4049,10099,7481,10591,6495,9403,9569,7003,1850,12108,2720,1,6163,6969,13454,6978,14552,2248,138,13299,1,26:05,,1610612741,CHI,Chicago,1627936,Alex Caruso,Alex,,,26.000000:05,112.3,114.0,101.6,103.5,10.7,10.5,0.188,1.0,25.0,0.038,0.1,0.071,25.0,0.7,0.68,0.136,0.141,106.7,104.89,87.41,57,0.077,5.0
68,25797,25797,2023-24,1627936,Alex Caruso,Alex,1610612741,CHI,Chicago Bulls,22300088,2023-10-28T00:00:00,CHI @ DET,L,20.566666666666663,1,2,0.5,0,0,0.0,0,0,0.0,2,3,5,4,0,4,1,0,3,1,2,-16,29.0,0,0,21.0,1,13252,13252,13252,15401,18910,21406,8954,14651,20560,14651,13417,14233,13417,3105,9403,7149,4938,16035,95,2720,1,18879,11166,21036,24160,7701,2248,138,11364,1,20:34,,1610612741,CHI,Chicago,1627936,Alex Caruso,Alex,,,20.000000:34,94.8,97.6,132.5,127.3,-37.7,-29.7,0.25,0.0,66.7,0.08,0.15,0.111,0.0,0.5,0.5,0.042,0.041,98.58,99.19,82.66,41,0.127,6.0
69,25907,25907,2023-24,1627936,Alex Caruso,Alex,1610612741,CHI,Chicago Bulls,22300082,2023-10-27T00:00:00,CHI vs. TOR,W,31.641666666666666,5,9,0.556,2,5,0.4,1,2,0.5,6,7,13,2,0,2,1,0,5,7,13,29,40.6,1,0,36.0,1,1,1,1,6578,7292,9591,7603,4439,5663,7875,10099,7481,10591,156,1913,500,9909,16035,1349,2720,1,25189,505,8427,246,3172,1,138,4037,1,31:39,,1610612741,CHI,Chicago,1627936,Alex Caruso,Alex,,,31.000000:39,118.6,124.2,81.5,77.9,37.1,46.3,0.083,0.0,16.7,0.154,0.233,0.188,0.0,0.667,0.658,0.123,0.123,101.76,101.64,84.7,66,0.184,20.0
70,26172,26172,2023-24,1627936,Alex Caruso,Alex,1610612741,CHI,Chicago Bulls,22300070,2023-10-25T00:00:00,CHI vs. OKC,L,19.616666666666667,2,5,0.4,1,4,0.25,1,2,0.5,0,2,2,3,1,2,0,0,1,1,6,-19,17.9,0,0,16.0,1,13252,13252,13252,16103,15517,15951,15260,8460,7844,11776,10099,7481,10591,13449,13100,15973,7003,8468,1349,8529,1,6163,11166,15809,24997,14153,2248,138,14655,1,19:37,,1610612741,CHI,Chicago,1627936,Alex Caruso,Alex,,,19.000000:37,95.6,97.6,133.5,131.1,-37.9,-33.6,0.25,3.0,30.0,0.0,0.118,0.05,10.0,0.5,0.51,0.152,0.153,105.27,105.22,87.68,41,0.075,21.0
